1.0   1.0   0.750389347239   Certainty too low, stopping
2 (0.5, 0.0, 0.5, [(1.0, 1.0, 2.0), (1.0, 1.0, 2.0)]) 0 17.6896035991
blankCount 12
1.0   1.0   1.0   1.0   1.0   1.0   0.999999953395   0.5   Certainty too low, st
opping
3 (0.75, 0.0, 0.2222222222222222, [(1.0, 7.0, 6.0), (1.0, 2.0, 3.0)]) 0 18.12013
72501
blankCount 16
1.0   1.0   1.0   0.999999999995   0.999999999998   0.999999999988   0.999999999
867   0.999999999833   0.999999937164   0.999999908498   0.999999828377   0.9999
99141424   0.701059262955   Certainty too low, stopping
4 (0.5, 0.0, 0.25, [(1.0, 3.0, 4.0), (1.0, 3.0, 4.0), (1.0, 3.0, 4.0), (1.0, 3.0
, 4.0)]) 0 24.4504078019
blankCount 20
1.0   1.0   1.0   0.999999999999   1.0   0.999999999992   0.999999999994   0.999
999999936   1.0   1.0   0.999999999902   0.999999999402   0.99999999665   1.0
0.99999768782   0.999944570445   1.0   0.97083546703   0.832108742125   Certaint
y too low, stopping
5 (0.525, 2.0, 0.28, [(1.0, 13.0, 10.0), (1.0, 4.0, 5.0), (1.0, 2.0, 3.0), (1.0,
 1.0, 2.0), (0.5, 2.0, 3.0)]) 0 30.9534495176
blankCount 24
1.0   1.0   1.0   1.0   0.999999999997   1.0   0.999999998172   0.999999997127
 0.999999997052   0.999999996652   0.999999993385   0.999999999777   0.999999941
805   0.999999907961   0.99999776169   0.999999934298   0.999977776534   0.99997
4050659   0.999970466783   0.999967334382   0.999870866605   0.998498077452   0.
993478512416   0.983706970895   0.996928504053   0.999988718495   0.991320011881
   0.991545890072   0.970255802177   0.782205218481   Certainty too low, stoppin
g
6 (0.5, 1.0, 0.19444444444444445, [(1.0, 4.0, 5.0), (0.5, 2.0, 3.0), (1.0, 7.0,
6.0), (1.0, 4.0, 5.0), (1.0, 5.0, 6.0), (0.9, 10.0, 10.0)]) 0 40.4043691945
blankCount 28
0.999999999998   0.999999999993   0.99999999975   0.999999999996   0.99999999988
5   0.999999999341   0.999999999912   0.999999999884   0.999999998921   0.999999
998545   0.999999996736   0.999999966761   0.999999935652   0.999999999979   0.9
99999999944   0.999999959487   0.99999985443   0.999999729009   0.999999703591
 0.999999988215   0.999999945189   0.999998926495   1.0   0.99999960037   0.9999
95797502   0.999991393469   0.999999993411   1.0   0.99999999988   0.99998808761
4   0.999999922671   0.999999871748   0.999952887061   0.99984459003   0.9999841
1392   0.998255146028   0.999857831379   0.999995599628   0.999968255582   0.975
450273073   0.920872978182   Certainty too low, stopping
7 (0.4880952380952381, 1.0, 0.1836734693877551, [(1.0, 11.0, 10.0), (1.0, 6.0, 7
.0), (1.0, 6.0, 7.0), (1.0, 1.0, 2.0), (1.0, 6.0, 7.0), (1.0, 1.0, 2.0), (1.0, 3
.0, 4.0), (0.875, 8.0, 9.0)]) 0 61.1487371829
blankCount 32
1.0   1.0   1.0   1.0   1.0   1.0   1.0   1.0   1.0   1.0   1.0   1.0   1.0   1.
0   1.0   0.999999999998   0.999999999304   0.999999997203   0.99999998546   0.9
99999951003   0.999999921021   0.999999831467   0.999999797143   0.999999882179
  0.999999713238   0.999999296665   0.999998163473   0.99999671276   0.999992510
48   0.999990194796   0.999966698103   0.999954686067   0.999950114341   0.99999
9999993   0.99991981137   0.999988275182   0.999887042645   0.998817484338   0.9
99803505539   0.994052554276   0.994966115711   0.983403931295   0.982151060335
  0.93204114777   Certainty too low, stopping
8 (0.375, 3.0, 0.328125, [(1.0, 2.0, 3.0), (1.0, 2.0, 3.0), (1.0, 2.0, 3.0), (1.
0, 2.0, 3.0), (1.0, 2.0, 3.0), (1.0, 2.0, 3.0), (1.0, 2.0, 3.0), (1.0, 2.0, 3.0)
, (1.0, 1.0, 2.0), (1.0, 5.0, 6.0), (1.0, 7.0, 8.0), (1.0, 1.0, 2.0), (1.0, 1.0,
 2.0), (1.0, 2.0, 3.0), (1.0, 7.0, 8.0), (1.0, 1.0, 2.0), (1.0, 1.0, 2.0), (0.0,
 1.0, 2.0)]) 0 89.6540029043
blankCount 36
1.0   1.0   1.0   1.0   1.0   1.0   1.0   1.0   1.0   1.0   1.0   1.0   1.0   1.
0   1.0   1.0   1.0   1.0   1.0   1.0   1.0   0.999999999999   0.999999999999
1.0   0.999999999994   0.999999999971   0.999999999999   0.999999999916   0.9999
99997223   0.999999992298   0.999999980691   0.99999997992   0.999999926958   0.
999999889258   0.999999829253   0.999997523104   0.999997055133   0.999999994886
   0.999995768809   0.999982844195   0.999982583897   0.999982307513   0.9999795
65221   0.999960469592   0.999955296282   0.999929852017   0.999896410974   0.99
9993326411   0.999640909214   0.999603203409   0.999570906141   0.999488241428
 0.999204423537   0.999106096679   0.998617493219   0.999999035725   0.999515008
479   0.99948868198   0.995179457641   0.992870168445   0.993030068076   0.99962
1159111   0.991404775735   0.989710610041   0.984033499639   0.982499512477   0.
996380862165   0.999752419787   0.977223230608   0.952328468554   0.765709280108
   Certainty too low, stopping
9 (0.4791666666666667, 0.0, 0.13580246913580246, [(0.75, 4.0, 5.0), (1.0, 3.0, 4
.0), (0.9090909090909091, 11.0, 12.0), (0.8, 5.0, 6.0), (1.0, 13.0, 10.0), (1.0,
 10.0, 8.0), (0.6470588235294118, 17.0, 15.0), (1.0, 8.0, 9.0), (0.8333333333333
334, 6.0, 7.0), (0.5, 2.0, 3.0), (1.0, 1.0, 2.0)]) 0 162.699961597
blankCount 40
1.0   1.0   1.0   1.0   1.0   1.0   1.0   1.0   1.0   1.0   0.99999999975   0.99
9999820904   0.999990807084   0.999987400104   0.99999915979   0.999980333027
0.999979340117   0.999977300415   0.99999999988   0.999999952011   0.99997391070
7   0.999972810484   0.999977063564   0.999999648808   0.999982400012   0.999965
972194   0.999962108789   0.999950418002   0.999999946556   0.99991592933   0.99
9838734405   0.999822535908   0.99964127832   0.999512678484   0.999999975449
0.999729101242   0.999403192299   0.99928599802   0.999255697335   0.99907792060
2   0.998631352034   0.998352340326   0.998056765475   0.997590022873   0.999744
035622   0.999937764074   0.99663247683   0.994052853008   0.988940220808   0.98
7705834453   0.986086386683   0.983848857487   0.996398143708   0.977891886116
 0.973428318918   0.967928939011   0.962965482977   0.98374992335   0.9599391822
39   0.923400269771   Certainty too low, stopping
10 (0.35555555555555557, 17.0, 0.41, [(1.0, 4.0, 4.0), (1.0, 7.0, 6.0), (1.0, 1.
0, 2.0), (1.0, 1.0, 2.0), (1.0, 1.0, 2.0), (1.0, 1.0, 2.0), (1.0, 1.0, 2.0), (0.
8571428571428571, 7.0, 8.0), (1.0, 5.0, 6.0), (1.0, 1.0, 2.0), (1.0, 5.0, 6.0),
(1.0, 2.0, 3.0), (1.0, 13.0, 10.0), (1.0, 1.0, 2.0), (1.0, 1.0, 2.0), (1.0, 2.0,
 3.0), (1.0, 1.0, 2.0), (0.5, 2.0, 3.0), (1.0, 5.0, 6.0), (1.0, 1.0, 2.0), (1.0,
 1.0, 2.0), (1.0, 1.0, 2.0), (1.0, 1.0, 2.0), (1.0, 1.0, 2.0)]) 0 196.565983523
blankCount 44
1.0   1.0   1.0   1.0   1.0   1.0   1.0   1.0   1.0   0.999999999999   1.0   0.9
9999999999   0.999999999977   0.999999999971   0.999999999935   0.999999999917
 1.0   0.999999998845   0.999999998385   0.999999996818   0.999999988507   0.999
999951563   0.999999785434   0.999999783567   0.999999517909   0.999998888647
0.999997333447   0.999996942134   0.999996192829   0.99999427206   0.99999395896
5   0.999980831904   0.999979326794   0.999976804966   0.999995681081   0.999968
703732   0.999948664811   0.999938828822   0.99998242283   0.999999998493   0.99
9935219291   0.999934930674   0.99993007846   0.999928330786   0.999919380015
0.999916710937   0.999999287393   0.999911757639   0.999823142972   0.9998052208
15   0.999477698202   0.999894735201   0.999449177755   0.999716541956   0.99990
2304871   0.999927346305   0.999867615906   0.999960314424   0.999339353676   0.
998995117138   0.999985879187   0.999847847311   0.999978671218   0.99922859708
  0.998932847859   0.999020163881   0.996558751503   0.999668959266   0.99983438
0652   0.999644565473   0.996382462922   0.999999993037   0.999960847606   0.999
99955745   0.997147285721   0.999999996804   0.993861727729   0.991884771211   0
.989454809576   0.987376334104   0.986315020802   0.97228864937   0.965211581033
   0.999262617902   0.992321296787   0.940573751375   Certainty too low, stoppin
g
11 (0.37727272727272726, 14.0, 0.2975206611570248, [(1.0, 2.0, 3.0), (1.0, 7.0,
6.0), (0.6666666666666666, 6.0, 7.0), (1.0, 2.0, 3.0), (1.0, 2.0, 3.0), (1.0, 2.
0, 3.0), (1.0, 2.0, 3.0), (1.0, 2.0, 3.0), (1.0, 2.0, 3.0), (1.0, 2.0, 3.0), (1.
0, 1.0, 2.0), (0.875, 16.0, 12.0), (1.0, 11.0, 10.0), (0.6666666666666666, 6.0,
6.0), (0.9090909090909091, 11.0, 10.0), (0.2857142857142857, 7.0, 6.0), (0.85714
28571428571, 7.0, 8.0), (1.0, 1.0, 2.0), (1.0, 4.0, 4.0), (0.3333333333333333, 3
.0, 4.0), (0.6666666666666666, 3.0, 4.0), (0.0, 1.0, 2.0)]) 0 322.4417258
blankCount 48
1.0   1.0   1.0   1.0   1.0   1.0   1.0   1.0   0.999999999998   0.999999999995
  0.999999999993   0.999999999992   0.999999999978   0.999999999968   0.99999999
9926   0.999999999868   0.999999999843   0.999999999833   0.999999999998   0.999
999999982   0.999999999697   1.0   0.999999999588   0.999999999094   0.999999999
903   0.999999999979   0.99999999895   0.999999999308   0.999999998811   0.99999
9999668   0.999999998087   0.999999996901   0.999999995871   0.999999995317   0.
999999995133   0.999999993407   0.999999241211   0.999998496173   0.999996977371
   0.999992860358   0.999993764887   0.999999756721   0.999999128578   0.9999590
7397   0.999936323729   0.999874118852   0.999833387076   0.999839439608   0.999
450803743   0.999998140076   0.999360999396   0.997908902483   0.995378064483
0.998035856829   0.999997511037   0.998765109105   0.999562670254   0.9999997667
51   0.999531955808   0.99964680064   0.999905937734   0.999132382803   0.999974
414499   0.997252563262   0.999711605949   0.999448081621   0.993583386649   0.9
93067766743   0.992794926392   0.99956102131   0.99387219674   0.989674354379
0.978046961472   0.978306477244   0.97709231697   0.970053794264   0.96861002660
9   0.96060794937   0.958800448673   0.983219685584   0.957692058414   0.9548009
29717   0.954486296553   0.941167266283   Certainty too low, stopping
12 (0.26515151515151514, 28.0, 0.4236111111111111, [(1.0, 1.0, 2.0), (1.0, 1.0,
2.0), (1.0, 1.0, 2.0), (0.625, 8.0, 7.0), (1.0, 7.0, 6.0), (1.0, 1.0, 2.0), (1.0
, 4.0, 4.0), (1.0, 1.0, 2.0), (1.0, 1.0, 2.0), (1.0, 1.0, 2.0), (1.0, 1.0, 2.0),
 (1.0, 1.0, 2.0), (0.5333333333333333, 15.0, 12.0), (1.0, 1.0, 2.0), (1.0, 1.0,
2.0), (1.0, 1.0, 2.0), (1.0, 1.0, 2.0), (1.0, 1.0, 2.0), (1.0, 4.0, 4.0), (1.0,
1.0, 2.0), (0.6666666666666666, 3.0, 4.0), (0.4090909090909091, 22.0, 20.0), (1.
0, 1.0, 2.0), (1.0, 1.0, 2.0), (1.0, 1.0, 2.0), (1.0, 1.0, 2.0), (1.0, 1.0, 2.0)
, (1.0, 4.0, 5.0), (1.0, 1.0, 2.0), (0.8, 5.0, 6.0), (1.0, 1.0, 2.0), (0.0, 1.0,
 2.0), (1.0, 1.0, 2.0)]) 0 486.789534689
blankCount 52
0.999999997481   0.999999835006   0.999998114351   0.999997122902   0.9999947022
52   0.999993297268   0.99999178509   0.999978649338   0.999976435993   0.999970
23691   0.999968924109   0.999966524972   0.999963817039   0.999957898055   0.99
9935306476   0.999932602699   0.999931163651   0.999921561957   0.999894104539
 0.999891953372   0.999870123216   0.999818682392   0.999715005463   0.999684137
667   0.999682902541   0.999245924773   0.999854577074   0.99999999946   0.99922
3467831   0.999151643537   0.999655293603   0.999250128014   0.999141122646   0.
999570441091   0.999096972926   0.999024696864   0.999999999368   0.99999920967
  0.999103941551   0.999004214122   0.998853045396   0.998860041564   0.99884845
1227   0.999370890837   0.999697267466   0.998809708348   0.998732521161   0.999
241062441   0.998884335612   0.998431306142   0.998367391309   0.99843394945   0
.997885220136   0.999987363167   0.999999975087   0.999926755896   0.99999646165
2   0.998340989622   0.997743031621   0.997429800922   0.996880903564   0.996794
073144   0.996594554524   0.996504667108   0.999314048322   0.996328128405   0.9
96124188114   0.99468109779   0.994002967952   0.999890202943   0.999706300143
 0.996087747419   0.994180568329   0.993856752255   0.999302040856   0.995168588
165   0.998755950997   0.999997055112   0.999282475684   0.993467799288   0.9929
28917562   0.992442525022   0.992369338704   0.9895552567   0.997623148259   0.9
99421587783   0.996048398676   0.988880274419   0.999950905102   0.999906583003
  0.997555686001   0.993687298399   0.999589688009   0.997181495162   0.98806225
8578   0.988033942041   0.995662906648   0.999957961558   0.99470032251   0.9942
03604981   0.994665314218   0.999546969253   0.999822803521   0.98780313761   0.
997396843177   0.999976070624   0.999108379768   0.997559409311   0.999992843959
   0.999981424313   0.999619920833   0.999660388677   0.999430001436   0.9938510
14855   0.999886446843   0.999601090278   0.998135666862   0.990819639234   0.99
9987451568   0.999982367386   0.993534591037   0.99990564269   0.991438199486
0.982356322667   0.979716916292   0.977741348092   0.993464046051   0.9989963345
58   0.999987214734   0.974099045006   0.96757218872   0.98200898399   0.9900834
18174   0.965686949181   0.956649634408   0.996803135656   0.952434877372   0.99
8904767798   0.947635798787   Certainty too low, stopping
13 (0.358974358974359, 21.0, 0.1834319526627219, [(0.4024390243902439, 82.0, 53.
0), (0.7407407407407407, 27.0, 23.0), (0.6086956521739131, 23.0, 18.0), (1.0, 2.
0, 3.0), (0.8285714285714286, 35.0, 25.0), (0.6666666666666666, 3.0, 4.0), (0.0,
 2.0, 3.0), (0.7142857142857143, 14.0, 14.0), (1.0, 2.0, 3.0), (0.0, 1.0, 2.0)])
 0 759.287769646
blankCount 56
1.0   1.0   1.0   1.0   1.0   0.999999999999   0.999999999998   0.999999999998
 1.0   0.999999999996   0.999999999995   0.999999999997   0.999999999996   0.999
999999983   0.999999999936   0.999999999931   0.999999999876   0.999999999621
1.0   0.999999999111   0.999999999979   0.999999999041   0.999999993934   0.9999
99972435   0.999999922813   0.999999869354   0.999999828911   0.99999977112   0.
99999952612   0.999998998832   0.999998293582   0.999995311833   0.999995352926
  0.999989339393   0.999989196324   0.999911818226   0.999903803663   0.99989880
5577   0.999691950845   0.999607277869   0.999437120201   0.999891336395   0.999
333638594   0.999732163636   0.9993327227   0.999998697008   0.999226780643   0.
999107686986   0.998955788638   0.998839424384   0.998367055605   0.999284656506
   0.999561061554   0.998026596279   0.997987533801   0.997682039079   0.9972836
67344   0.997098761628   0.996485992865   0.996438098544   0.996540663316   0.99
6392592772   0.995730564733   0.999981115876   0.998329828139   0.99815008987
0.994678805056   0.993982291964   0.993876250721   0.995865331436   0.9935013970
21   0.993326520473   0.993213674448   0.992516891542   0.99137478087   0.999099
054207   0.999082349437   0.996984237567   0.99136619724   0.994500245279   0.99
4336754012   0.997367328004   0.987271304394   0.987049368572   0.975493082642
 0.968449620299   0.964922309734   0.960626736839   0.988303454843   0.991172581
294   0.976827119107   0.998582730842   0.995152146698   0.953530936116   0.9494
44775371   Certainty too low, stopping
14 (0.25274725274725274, 49.0, 0.5204081632653061, [(1.0, 1.0, 2.0), (1.0, 1.0,
2.0), (1.0, 4.0, 4.0), (1.0, 1.0, 2.0), (1.0, 4.0, 4.0), (1.0, 1.0, 2.0), (1.0,
1.0, 2.0), (1.0, 4.0, 4.0), (0.6666666666666666, 3.0, 4.0), (1.0, 7.0, 6.0), (1.
0, 1.0, 2.0), (0.5, 2.0, 3.0), (1.0, 1.0, 2.0), (1.0, 1.0, 2.0), (1.0, 1.0, 2.0)
, (1.0, 1.0, 2.0), (1.0, 1.0, 2.0), (1.0, 1.0, 2.0), (1.0, 1.0, 2.0), (1.0, 4.0,
 4.0), (1.0, 1.0, 2.0), (1.0, 1.0, 2.0), (1.0, 1.0, 2.0), (1.0, 1.0, 2.0), (1.0,
 2.0, 3.0), (1.0, 2.0, 3.0), (1.0, 1.0, 2.0), (1.0, 2.0, 3.0), (1.0, 2.0, 3.0),
(1.0, 2.0, 3.0), (1.0, 1.0, 2.0), (1.0, 1.0, 2.0), (1.0, 2.0, 3.0), (1.0, 1.0, 2
.0), (0.6666666666666666, 3.0, 4.0), (1.0, 2.0, 3.0), (0.8, 5.0, 6.0), (1.0, 1.0
, 2.0), (1.0, 3.0, 4.0), (0.8, 5.0, 6.0), (1.0, 1.0, 2.0), (1.0, 1.0, 2.0), (1.0
, 2.0, 3.0), (1.0, 1.0, 2.0), (1.0, 1.0, 2.0), (1.0, 1.0, 2.0), (1.0, 1.0, 2.0),
 (0.3333333333333333, 3.0, 4.0), (1.0, 4.0, 4.0), (0.0, 1.0, 2.0), (1.0, 1.0, 2.
0), (0.6666666666666666, 3.0, 4.0), (1.0, 1.0, 2.0)]) 0 719.225696919
blankCount 60
0.999999999999   0.999999999992   0.999999999989   0.999999999956   0.9999999999
56   0.999999999946   0.999999999937   0.999999999672   0.99999999936   0.999999
998849   0.999999998366   0.999999998222   0.999999997537   0.99999999037   0.99
9999987459   0.999999986429   0.999999983305   0.999999968108   0.999999965577
 0.99999995414   0.999999868049   0.999999843784   0.99999956767   0.99999910722
7   0.999999131237   1.0   0.999998605574   0.999998269327   0.999998068558   0.
999996987049   0.999995869429   0.999991812297   0.999988432261   0.99999999999
  0.999988171915   0.999984050771   0.999958918448   0.999958603972   0.99993654
9314   0.99992528244   0.999921770974   0.99988090762   0.999872014993   0.99985
9973786   0.999998426942   0.999749243617   0.999742744913   0.999619167482   0.
999558283472   0.999450010536   0.999403028859   0.999385662986   0.999363061341
   0.999310953325   0.999114733113   0.999230932825   0.998947577784   0.9989098
79561   0.998727321995   0.998706835428   0.998101180337   0.997992899602   0.99
930892716   0.997782209377   0.999184946648   0.997695564503   0.997656819022
0.997375651955   0.997333926785   0.997214666454   0.997129479408   0.9968887653
08   0.996070947949   0.995936669831   0.995201009145   0.998331876824   0.99852
351402   0.997694817609   0.996717077686   0.993067648821   0.992843365646   0.9
92647267543   0.992539667218   0.990503482352   0.988690703111   0.987963739964
  0.987418275777   0.995121029123   0.985621327744   0.991320344761   0.98872203
5913   0.985234134953   0.985201937502   0.984623443378   0.999999975538   0.984
04667572   0.982326859717   0.996895586952   0.988801391355   0.976741375323   0
.973042140769   0.972810667026   0.972611201546   0.967520911956   0.98680074647
5   0.982013692416   0.966160949233   0.96592593779   0.957940146121   0.9702416
04936   0.958237028823   0.946498418079   Certainty too low, stopping
15 (0.22142857142857142, 74.0, 0.5066666666666667, [(1.0, 2.0, 3.0), (1.0, 1.0,
2.0), (1.0, 8.0, 7.0), (0.375, 8.0, 9.0), (1.0, 2.0, 3.0), (1.0, 2.0, 3.0), (1.0
, 5.0, 5.0), (1.0, 2.0, 3.0), (1.0, 1.0, 2.0), (0.625, 8.0, 9.0), (1.0, 1.0, 2.0
), (1.0, 1.0, 2.0), (0.6666666666666666, 3.0, 4.0), (1.0, 5.0, 5.0), (1.0, 2.0,
3.0), (1.0, 7.0, 7.0), (1.0, 2.0, 3.0), (1.0, 7.0, 6.0), (1.0, 1.0, 2.0), (1.0,
2.0, 3.0), (1.0, 1.0, 2.0), (0.6666666666666666, 3.0, 4.0), (1.0, 1.0, 2.0), (1.
0, 1.0, 2.0), (1.0, 1.0, 2.0), (0.25, 4.0, 4.0), (0.0, 1.0, 2.0), (0.0, 1.0, 2.0
), (1.0, 1.0, 2.0), (1.0, 1.0, 2.0), (1.0, 1.0, 2.0), (0.0, 1.0, 2.0), (0.583333
3333333334, 12.0, 13.0), (0.9166666666666666, 12.0, 11.0), (0.0, 1.0, 2.0), (1.0
, 1.0, 2.0), (0.2, 5.0, 5.0), (0.0, 1.0, 2.0), (1.0, 1.0, 2.0), (0.5, 2.0, 3.0)]
) 0 1074.15839453