1.0   1.0   0.750389347239   Certainty too low, stopping
2 (0.5, 0.0, 0.5, [(1.0, 1.0, 2.0), (1.0, 1.0, 2.0)]) 0 8.91651445527
blankCount 12
1.0   1.0   1.0   1.0   1.0   1.0   0.999999953395   0.5   Certainty too low, st
opping
3 (0.75, 0.0, 0.2222222222222222, [(1.0, 7.0, 6.0), (1.0, 2.0, 3.0)]) 0 9.830304
66481
blankCount 16
1.0   1.0   1.0   0.999999999995   0.999999999998   0.999999999988   0.999999999
867   0.999999999833   0.999999937164   0.999999908498   0.999999828377   0.9999
99141424   0.701059262955   Certainty too low, stopping
4 (0.5, 0.0, 0.25, [(1.0, 3.0, 4.0), (1.0, 3.0, 4.0), (1.0, 3.0, 4.0), (1.0, 3.0
, 4.0)]) 0 11.5800855855
blankCount 20
1.0   1.0   1.0   0.999999999999   1.0   0.999999999992   0.999999999994   0.999
999999936   1.0   1.0   0.999999999902   0.999999999402   0.99999999665   1.0
0.99999768782   0.999944570445   1.0   0.97083546703   Certainty too low, stoppi
ng
5 (0.525, 3.0, 0.32, [(1.0, 13.0, 10.0), (1.0, 4.0, 5.0), (1.0, 2.0, 3.0), (1.0,
 1.0, 2.0), (1.0, 1.0, 2.0)]) 0 15.0627787365
blankCount 24
1.0   1.0   1.0   1.0   0.999999999997   1.0   0.999999998172   0.999999997127
 0.999999997052   0.999999996652   0.999999993385   0.999999999777   0.999999941
805   0.999999907961   0.99999776169   0.999999934298   0.999977776534   0.99997
4050659   0.999970466783   0.999967334382   0.999870866605   0.998498077452   Ce
rtainty too low, stopping
6 (0.4, 8.0, 0.4166666666666667, [(1.0, 2.0, 3.0), (1.0, 1.0, 2.0), (1.0, 7.0, 6
.0), (1.0, 4.0, 5.0), (1.0, 5.0, 6.0), (1.0, 4.0, 4.0), (1.0, 1.0, 2.0)]) 0 19.0
002539423
blankCount 28
0.999999999998   0.999999999993   0.99999999975   0.999999999996   0.99999999988
5   0.999999999341   0.999999999912   0.999999999884   0.999999998921   0.999999
998545   0.999999996736   0.999999966761   0.999999935652   0.999999999979   0.9
99999999944   0.999999959487   0.99999985443   0.999999729009   0.999999703591
 0.999999988215   0.999999945189   0.999998926495   1.0   0.99999960037   0.9999
95797502   0.999991393469   0.999999993411   1.0   0.99999999988   0.99998808761
4   0.999999922671   0.999999871748   0.999952887061   0.99984459003   0.9999841
1392   0.998255146028   Certainty too low, stopping
7 (0.44047619047619047, 7.0, 0.2857142857142857, [(1.0, 11.0, 10.0), (1.0, 6.0,
7.0), (1.0, 6.0, 7.0), (1.0, 6.0, 7.0), (1.0, 1.0, 2.0), (1.0, 6.0, 7.0), (1.0,
1.0, 2.0)]) 0 29.4114398627
blankCount 32
1.0   1.0   1.0   1.0   1.0   1.0   1.0   1.0   1.0   1.0   1.0   1.0   1.0   1.
0   1.0   0.999999999998   0.999999999304   0.999999997203   0.99999998546   0.9
99999951003   0.999999921021   0.999999831467   0.999999797143   0.999999882179
  0.999999713238   0.999999296665   0.999998163473   0.99999671276   0.999992510
48   0.999990194796   0.999966698103   0.999954686067   0.999950114341   0.99999
9999993   0.99991981137   0.999988275182   0.999887042645   0.998817484338   Cer
tainty too low, stopping
8 (0.33035714285714285, 11.0, 0.421875, [(1.0, 2.0, 3.0), (1.0, 2.0, 3.0), (1.0,
 2.0, 3.0), (1.0, 2.0, 3.0), (1.0, 2.0, 3.0), (1.0, 2.0, 3.0), (1.0, 2.0, 3.0),
(1.0, 2.0, 3.0), (1.0, 1.0, 2.0), (1.0, 5.0, 6.0), (1.0, 5.0, 6.0), (1.0, 1.0, 2
.0), (1.0, 1.0, 2.0), (1.0, 5.0, 6.0), (1.0, 2.0, 3.0), (1.0, 1.0, 2.0)]) 0 54.6
439176548
blankCount 36
1.0   1.0   1.0   1.0   1.0   1.0   1.0   1.0   1.0   1.0   1.0   1.0   1.0   1.
0   1.0   1.0   1.0   1.0   1.0   1.0   1.0   0.999999999999   0.999999999999
1.0   0.999999999994   0.999999999971   0.999999999999   0.999999999916   0.9999
99997223   0.999999992298   0.999999980691   0.99999997992   0.999999926958   0.
999999889258   0.999999829253   0.999997523104   0.999997055133   0.999999994886
   0.999995768809   0.999982844195   0.999982583897   0.999982307513   0.9999795
65221   0.999960469592   0.999955296282   0.999929852017   0.999896410974   0.99
9993326411   0.999640909214   0.999603203409   0.999570906141   0.999488241428
 Certainty too low, stopping
9 (0.3888888888888889, 11.0, 0.37037037037037035, [(1.0, 2.0, 3.0), (1.0, 2.0, 3
.0), (1.0, 3.0, 4.0), (1.0, 6.0, 7.0), (1.0, 2.0, 3.0), (1.0, 2.0, 3.0), (1.0, 1
3.0, 10.0), (1.0, 7.0, 6.0), (1.0, 2.0, 3.0), (1.0, 1.0, 2.0), (0.72727272727272
73, 11.0, 10.0), (1.0, 1.0, 2.0), (1.0, 1.0, 2.0), (1.0, 1.0, 2.0), (1.0, 1.0, 2
.0), (1.0, 1.0, 2.0), (1.0, 1.0, 2.0), (1.0, 1.0, 2.0), (1.0, 1.0, 2.0)]) 0 89.8
812402131
blankCount 40
1.0   1.0   1.0   1.0   1.0   1.0   1.0   1.0   1.0   1.0   0.99999999975   0.99
9999820904   0.999990807084   0.999987400104   0.99999915979   0.999980333027
0.999979340117   0.999977300415   0.99999999988   0.999999952011   0.99997391070
7   0.999972810484   0.999977063564   0.999999648808   0.999982400012   0.999965
972194   0.999962108789   0.999950418002   0.999999946556   0.99991592933   0.99
9838734405   0.999822535908   0.99964127832   0.999512678484   0.999999975449
0.999729101242   0.999403192299   Certainty too low, stopping
10 (0.23333333333333334, 47.0, 0.64, [(1.0, 1.0, 2.0), (1.0, 1.0, 2.0), (1.0, 7.
0, 6.0), (1.0, 1.0, 2.0), (1.0, 1.0, 2.0), (1.0, 1.0, 2.0), (1.0, 1.0, 2.0), (1.
0, 1.0, 2.0), (1.0, 2.0, 3.0), (1.0, 1.0, 2.0), (1.0, 3.0, 4.0), (1.0, 1.0, 2.0)
, (1.0, 4.0, 5.0), (1.0, 2.0, 3.0), (1.0, 13.0, 10.0), (1.0, 1.0, 2.0), (1.0, 1.
0, 2.0)]) 0 98.4683830857
blankCount 44
1.0   1.0   1.0   1.0   1.0   1.0   1.0   1.0   1.0   0.999999999999   1.0   0.9
9999999999   0.999999999977   0.999999999971   0.999999999935   0.999999999917
 1.0   0.999999998845   0.999999998385   0.999999996818   0.999999988507   0.999
999951563   0.999999785434   0.999999783567   0.999999517909   0.999998888647
0.999997333447   0.999996942134   0.999996192829   0.99999427206   0.99999395896
5   0.999980831904   0.999979326794   0.999976804966   0.999995681081   0.999968
703732   0.999948664811   0.999938828822   0.99998242283   0.999999998493   0.99
9935219291   0.999934930674   0.99993007846   0.999928330786   0.999919380015
0.999916710937   0.999999287393   0.999911757639   0.999823142972   0.9998052208
15   0.999477698202   Certainty too low, stopping
11 (0.23636363636363636, 44.0, 0.5867768595041323, [(1.0, 2.0, 3.0), (1.0, 7.0,
6.0), (1.0, 2.0, 3.0), (1.0, 2.0, 3.0), (1.0, 2.0, 3.0), (1.0, 2.0, 3.0), (1.0,
2.0, 3.0), (1.0, 2.0, 3.0), (1.0, 2.0, 3.0), (1.0, 2.0, 3.0), (1.0, 1.0, 2.0), (
1.0, 2.0, 3.0), (1.0, 1.0, 2.0), (1.0, 1.0, 2.0), (1.0, 2.0, 3.0), (0.6666666666
666666, 3.0, 4.0), (1.0, 2.0, 3.0), (1.0, 1.0, 2.0), (1.0, 1.0, 2.0), (1.0, 2.0,
 3.0), (1.0, 5.0, 5.0), (1.0, 1.0, 2.0), (1.0, 1.0, 2.0), (1.0, 1.0, 2.0), (1.0,
 2.0, 3.0), (1.0, 1.0, 2.0), (1.0, 1.0, 2.0)]) 0 168.827861526
blankCount 48
1.0   1.0   1.0   1.0   1.0   1.0   1.0   1.0   0.999999999998   0.999999999995
  0.999999999993   0.999999999992   0.999999999978   0.999999999968   0.99999999
9926   0.999999999868   0.999999999843   0.999999999833   0.999999999998   0.999
999999982   0.999999999697   1.0   0.999999999588   0.999999999094   0.999999999
903   0.999999999979   0.99999999895   0.999999999308   0.999999998811   0.99999
9999668   0.999999998087   0.999999996901   0.999999995871   0.999999995317   0.
999999995133   0.999999993407   0.999999241211   0.999998496173   0.999996977371
   0.999992860358   0.999993764887   0.999999756721   0.999999128578   0.9999590
7397   0.999936323729   0.999874118852   0.999833387076   0.999839439608   0.999
450803743   Certainty too low, stopping
12 (0.17803030303030304, 54.0, 0.6666666666666666, [(1.0, 1.0, 2.0), (1.0, 1.0,
2.0), (1.0, 1.0, 2.0), (1.0, 1.0, 2.0), (1.0, 1.0, 2.0), (1.0, 1.0, 2.0), (1.0,
1.0, 2.0), (1.0, 4.0, 4.0), (1.0, 1.0, 2.0), (1.0, 1.0, 2.0), (1.0, 1.0, 2.0), (
1.0, 1.0, 2.0), (1.0, 1.0, 2.0), (1.0, 1.0, 2.0), (1.0, 1.0, 2.0), (1.0, 1.0, 2.
0), (1.0, 1.0, 2.0), (1.0, 1.0, 2.0), (1.0, 1.0, 2.0), (0.5, 2.0, 3.0), (1.0, 1.
0, 2.0), (1.0, 1.0, 2.0), (1.0, 1.0, 2.0), (1.0, 1.0, 2.0), (1.0, 1.0, 2.0), (1.
0, 1.0, 2.0), (1.0, 1.0, 2.0), (1.0, 1.0, 2.0), (1.0, 1.0, 2.0), (1.0, 1.0, 2.0)
, (1.0, 1.0, 2.0), (1.0, 1.0, 2.0), (1.0, 1.0, 2.0), (1.0, 1.0, 2.0), (1.0, 1.0,
 2.0), (1.0, 2.0, 3.0), (1.0, 1.0, 2.0), (1.0, 3.0, 4.0), (1.0, 1.0, 2.0), (1.0,
 1.0, 2.0), (1.0, 1.0, 2.0), (0.0, 1.0, 2.0)]) 0 258.403756097
blankCount 52
0.999999997481   0.999999835006   0.999998114351   0.999997122902   0.9999947022
52   0.999993297268   0.99999178509   0.999978649338   0.999976435993   0.999970
23691   0.999968924109   0.999966524972   0.999963817039   0.999957898055   0.99
9935306476   0.999932602699   0.999931163651   0.999921561957   0.999894104539
 0.999891953372   0.999870123216   0.999818682392   0.999715005463   0.999684137
667   0.999682902541   0.999245924773   Certainty too low, stopping
13 (0.08012820512820513, 124.0, 0.8520710059171598, [(1.0, 1.0, 2.0), (1.0, 1.0,
 2.0), (1.0, 1.0, 2.0), (1.0, 2.0, 3.0), (1.0, 1.0, 2.0), (1.0, 2.0, 3.0), (1.0,
 1.0, 2.0), (1.0, 1.0, 2.0), (1.0, 1.0, 2.0), (1.0, 1.0, 2.0), (1.0, 4.0, 4.0),
(1.0, 1.0, 2.0), (1.0, 2.0, 3.0), (1.0, 1.0, 2.0), (1.0, 1.0, 2.0), (1.0, 1.0, 2
.0), (1.0, 1.0, 2.0), (1.0, 1.0, 2.0), (1.0, 1.0, 2.0), (0.0, 1.0, 2.0)]) 0 281.
807931234
blankCount 56
1.0   1.0   1.0   1.0   1.0   0.999999999999   0.999999999998   0.999999999998
 1.0   0.999999999996   0.999999999995   0.999999999997   0.999999999996   0.999
999999983   0.999999999936   0.999999999931   0.999999999876   0.999999999621
1.0   0.999999999111   0.999999999979   0.999999999041   0.999999993934   0.9999
99972435   0.999999922813   0.999999869354   0.999999828911   0.99999977112   0.
99999952612   0.999998998832   0.999998293582   0.999995311833   0.999995352926
  0.999989339393   0.999989196324   0.999911818226   0.999903803663   0.99989880
5577   0.999691950845   0.999607277869   0.999437120201   Certainty too low, sto
pping
14 (0.11813186813186813, 123.0, 0.7959183673469388, [(1.0, 1.0, 2.0), (1.0, 1.0,
 2.0), (1.0, 1.0, 2.0), (1.0, 1.0, 2.0), (1.0, 4.0, 4.0), (1.0, 1.0, 2.0), (1.0,
 1.0, 2.0), (1.0, 4.0, 4.0), (1.0, 1.0, 2.0), (1.0, 1.0, 2.0), (1.0, 4.0, 4.0),
(1.0, 1.0, 2.0), (1.0, 1.0, 2.0), (1.0, 1.0, 2.0), (1.0, 1.0, 2.0), (1.0, 1.0, 2
.0), (1.0, 1.0, 2.0), (1.0, 1.0, 2.0), (1.0, 1.0, 2.0), (1.0, 1.0, 2.0), (1.0, 1
.0, 2.0), (1.0, 1.0, 2.0), (1.0, 1.0, 2.0), (1.0, 1.0, 2.0), (1.0, 1.0, 2.0), (1
.0, 1.0, 2.0), (1.0, 1.0, 2.0), (1.0, 1.0, 2.0), (1.0, 2.0, 3.0), (1.0, 1.0, 2.0
), (1.0, 1.0, 2.0), (1.0, 1.0, 2.0), (1.0, 1.0, 2.0)]) 0 398.804154424
blankCount 60
0.999999999999   0.999999999992   0.999999999989   0.999999999956   0.9999999999
56   0.999999999946   0.999999999937   0.999999999672   0.99999999936   0.999999
998849   0.999999998366   0.999999998222   0.999999997537   0.99999999037   0.99
9999987459   0.999999986429   0.999999983305   0.999999968108   0.999999965577
 0.99999995414   0.999999868049   0.999999843784   0.99999956767   0.99999910722
7   0.999999131237   1.0   0.999998605574   0.999998269327   0.999998068558   0.
999996987049   0.999995869429   0.999991812297   0.999988432261   0.99999999999
  0.999988171915   0.999984050771   0.999958918448   0.999958603972   0.99993654
9314   0.99992528244   0.999921770974   0.99988090762   0.999872014993   0.99985
9973786   0.999998426942   0.999749243617   0.999742744913   0.999619167482   0.
999558283472   0.999450010536   Certainty too low, stopping
15 (0.12380952380952381, 146.0, 0.7822222222222223, [(1.0, 1.0, 2.0), (1.0, 1.0,
 2.0), (1.0, 1.0, 2.0), (1.0, 1.0, 2.0), (1.0, 2.0, 3.0), (1.0, 1.0, 2.0), (1.0,
 2.0, 3.0), (1.0, 5.0, 5.0), (1.0, 1.0, 2.0), (1.0, 1.0, 2.0), (1.0, 1.0, 2.0),
(1.0, 1.0, 2.0), (1.0, 1.0, 2.0), (1.0, 1.0, 2.0), (1.0, 1.0, 2.0), (1.0, 1.0, 2
.0), (1.0, 1.0, 2.0), (1.0, 5.0, 5.0), (1.0, 2.0, 3.0), (1.0, 4.0, 5.0), (1.0, 1
.0, 2.0), (1.0, 1.0, 2.0), (1.0, 4.0, 4.0), (1.0, 4.0, 5.0), (1.0, 1.0, 2.0), (1
.0, 2.0, 3.0), (1.0, 1.0, 2.0), (1.0, 2.0, 3.0), (1.0, 1.0, 2.0), (1.0, 1.0, 2.0
)]) 0 463.399806597