2
[(3, 0.33333333333333331, 1), (9, 1.0, 1), (10, 1.0, 2)]
3
[(1, 0.14285714285714285, 3), (3, 0.33333333333333331, 1), (9, 1.0, 2), (10, 1.0, 10)]
4
[(0, 0.085714285714285715, 7), (1, 0.14285714285714285, 3), (3, 0.33333333333333331, 1), (5, 1.0, 1), (6, 1.0, 1), (8, 1.0, 3), (9, 1.0, 12), (10, 1.0, 12)]
5
[(0, 0.061111111111111102, 18), (1, 0.2857142857142857, 5), (3, 0.33333333333333331, 1), (4, 0, 1), (5, 1.0, 1), (6, 1.0, 1), (7, 0, 2), (8, 1.0, 3), (9, 0.91428571428571426, 35), (10, 1.0, 13)]
6
[(0, 0.049728506787330311, 34), (1, 0.23809523809523811, 6), (2, 0.5, 1), (3, 0.1111111111111111, 3), (4, 0, 1), (5, 0.5, 2), (6, 1.0, 2), (7, 0.33333333333333331, 3), (8, 1.0, 5), (9, 0.88405797101449279, 69), (10, 1.0, 14)]
7
[(0, 0.037944666011072256, 64), (1, 0.20408163265306123, 7), (2, 0.25, 2), (3, 0.1111111111111111, 3), (4, 0.25, 4), (5, 0.5, 4), (6, 1.0, 3), (7, 0.20000000000000001, 5), (8, 1.0, 6), (9, 0.9196428571428571, 112), (10, 1.0, 14)]
8
[(0, 0.032096693398239791, 97), (1, 0.14285714285714285, 10), (2, 0.125, 4), (3, 0.083333333333333329, 4), (4, 0.2857142857142857, 7), (5, 0.33333333333333331, 6), (6, 0.5714285714285714, 7), (7, 0.125, 8), (8, 0.77777777777777779, 9), (9, 0.92993630573248409, 157), (10, 1.0, 27)]
9
[(0, 0.03662786943570525, 134), (1, 0.20238095238095241, 12), (2, 0.41666666666666669, 6), (3, 0.24999999999999997, 8), (4, 0.5, 11), (5, 0.33333333333333331, 9), (6, 0.66666666666666663, 9), (7, 0.18181818181818182, 11), (8, 0.83333333333333337, 12), (9, 0.92888888888888888, 225), (10, 1.0, 43)]
10
[(0, 0.033801017881411315, 198), (1, 0.2767857142857143, 16), (2, 0.3125, 8), (3, 0.23076923076923078, 13), (4, 0.40625, 16), (5, 0.40000000000000002, 15), (6, 0.65000000000000002, 20), (7, 0.16666666666666666, 18), (8, 0.78260869565217395, 23), (9, 0.92882562277580072, 281), (10, 1.0, 52)]
11
[(0, 0.028664488610489515, 262), (1, 0.29220779220779219, 22), (2, 0.34999999999999998, 10), (3, 0.3125, 16), (4, 0.3125, 24), (5, 0.35999999999999999, 25), (6, 0.625, 24), (7, 0.24324324324324326, 37), (8, 0.75, 32), (9, 0.91913746630727766, 371), (10, 1.0, 57)]
12
[(0, 0.033217759619769263, 340), (1, 0.34761904761904761, 30), (2, 0.20588235294117646, 17), (3, 0.31818181818181818, 22), (4, 0.43243243243243246, 37), (5, 0.375, 40), (6, 0.53846153846153844, 39), (7, 0.33333333333333331, 54), (8, 0.67391304347826086, 46), (9, 0.90849673202614378, 459), (10, 1.0, 60)]
13
[(0, 0.03482476029322143, 405), (1, 0.31746031746031744, 36), (2, 0.20967741935483872, 31), (3, 0.30555555555555558, 36), (4, 0.39285714285714285, 56), (5, 0.31578947368421051, 57), (6, 0.5535714285714286, 56), (7, 0.32911392405063289, 79), (8, 0.63513513513513509, 74), (9, 0.89399293286219084, 566), (10, 1.0, 60)]
14
[(0, 0.030979162132353986, 549), (1, 0.24857142857142858, 50), (2, 0.21428571428571427, 35), (3, 0.30769230769230771, 52), (4, 0.35507246376811596, 69), (5, 0.32894736842105265, 76), (6, 0.52238805970149249, 67), (7, 0.37234042553191488, 94), (8, 0.62244897959183676, 98), (9, 0.89253731343283582, 670), (10, 1.0, 60)]
15
[(0, 0.028383721407751212, 676), (1, 0.22366522366522368, 66), (2, 0.19607843137254902, 51), (3, 0.30593607305936071, 73), (4, 0.34574468085106386, 94), (5, 0.34999999999999998, 100), (6, 0.5168539325842697, 89), (7, 0.38392857142857145, 112), (8, 0.61290322580645162, 124), (9, 0.88050314465408808, 795), (10, 1.0, 60)]
16
[(0, 0.025353465303983653, 832), (1, 0.17785427423981642, 83), (2, 0.16666666666666666, 72), (3, 0.27777777777777779, 102), (4, 0.31854838709677419, 124), (5, 0.390625, 128), (6, 0.47863247863247865, 117), (7, 0.39393939393939392, 132), (8, 0.58064516129032262, 155), (9, 0.87103825136612023, 915), (10, 1.0, 60)]
17
[(0, 0.023649082989037597, 1024), (1, 0.18696741854636592, 95), (2, 0.16853932584269662, 89), (3, 0.27283950617283947, 135), (4, 0.33757961783439489, 157), (5, 0.42138364779874216, 159), (6, 0.46153846153846156, 130), (7, 0.39263803680981596, 163), (8, 0.55675675675675673, 185), (9, 0.85567010309278346, 1067), (10, 1.0, 60)]
18
[(0, 0.024296294763004701, 1204), (1, 0.18127289377289377, 130), (2, 0.16393442622950818, 122), (3, 0.26232741617356997, 169), (4, 0.32731958762886598, 194), (5, 0.41176470588235292, 187), (6, 0.46913580246913578, 162), (7, 0.40000000000000002, 185), (8, 0.56218905472636815, 201), (9, 0.85657686212361328, 1262), (10, 1.0, 60)]
19
[(0, 0.024416754835056106, 1390), (1, 0.17139182833627278, 162), (2, 0.14947916666666666, 160), (3, 0.23635057471264365, 232), (4, 0.33064516129032256, 248), (5, 0.41121495327102803, 214), (6, 0.46464646464646464, 198), (7, 0.42727272727272725, 220), (8, 0.55462184873949583, 238), (9, 0.85465924895688461, 1438), (10, 1.0, 60)]
20
[(0, 0.021803100471883875, 1693), (1, 0.15441569484936832, 196), (2, 0.14086294416243655, 197), (3, 0.23543990086741015, 269), (4, 0.34488448844884489, 303), (5, 0.38461538461538464, 247), (6, 0.42677824267782427, 239), (7, 0.4296875, 256), (8, 0.5567765567765568, 273), (9, 0.84940138626339001, 1587), (10, 1.0, 60)]
21
[(0, 0.020135905364042913, 1973), (1, 0.15234637423434103, 241), (2, 0.14199999999999999, 250), (3, 0.2537313432835821, 335), (4, 0.34573002754820936, 363), (5, 0.37591240875912407, 274), (6, 0.4119718309859155, 284), (7, 0.4178082191780822, 292), (8, 0.53395061728395066, 324), (9, 0.84523809523809523, 1764), (10, 1.0, 60)]
22
[(0, 0.019113456881991519, 2310), (1, 0.14272944471906407, 289), (2, 0.15604575163398693, 306), (3, 0.2567681895093063, 394), (4, 0.34767441860465115, 430), (5, 0.38110749185667753, 307), (6, 0.39937106918238996, 318), (7, 0.41691842900302117, 331), (8, 0.52830188679245282, 371), (9, 0.83841463414634143, 1968), (10, 1.0, 60)]
23
[(0, 0.018263363999693236, 2722), (1, 0.14338738368910781, 348), (2, 0.17787648054145516, 394), (3, 0.25245098039215685, 476), (4, 0.3359840954274354, 503), (5, 0.36311239193083572, 347), (6, 0.38251366120218577, 366), (7, 0.40389972144846797, 359), (8, 0.52450980392156865, 408), (9, 0.83530525319451021, 2113), (10, 1.0, 60)]
24
[(0, 0.017820827182177097, 3205), (1, 0.12671804220528118, 431), (2, 0.16824229691876749, 476), (3, 0.25909090909090909, 550), (4, 0.32446808510638298, 564), (5, 0.33417085427135679, 398), (6, 0.36972704714640198, 403), (7, 0.40885416666666669, 384), (8, 0.52252252252252251, 444), (9, 0.83107221006564547, 2285), (10, 1.0, 60)]
25
[(0, 0.017093485312914398, 3709), (1, 0.12468285524945565, 503), (2, 0.1705933682373473, 573), (3, 0.25510204081632654, 637), (4, 0.31007751937984496, 645), (5, 0.3303769401330377, 451), (6, 0.37045454545454548, 440), (7, 0.40875912408759124, 411), (8, 0.51224489795918371, 490), (9, 0.82789197904070944, 2481), (10, 1.0, 60)]
26
[(0, 0.01645294834470977, 4209), (1, 0.11504701159443256, 601), (2, 0.16007462686567164, 670), (3, 0.24825174825174826, 715), (4, 0.29644808743169399, 732), (5, 0.32177263969171482, 519), (6, 0.37113402061855671, 485), (7, 0.40481400437636761, 457), (8, 0.50899280575539574, 556), (9, 0.83123145400593468, 2696), (10, 1.0, 60)]
27
[(0, 0.015918476568865064, 4780), (1, 0.11317860932458478, 733), (2, 0.16025641025641024, 806), (3, 0.25080515297906603, 828), (4, 0.28545232273838633, 818), (5, 0.31497418244406195, 581), (6, 0.36940298507462688, 536), (7, 0.38844621513944222, 502), (8, 0.50081833060556469, 611), (9, 0.82906282906282902, 2849), (10, 1.0, 60)]
28
[(0, 0.015583808263507489, 5396), (1, 0.11008746174104918, 892), (2, 0.16684118673647466, 955), (3, 0.24480816613868353, 947), (4, 0.28056768558951967, 916), (5, 0.31142410015649452, 639), (6, 0.37157534246575341, 584), (7, 0.38797814207650272, 549), (8, 0.49088145896656538, 658), (9, 0.8288079470198676, 3020), (10, 1.0, 60)]
29
[(0, 0.015334566309901881, 6061), (1, 0.11392385147891755, 1135), (2, 0.16756272401433689, 1116), (3, 0.23755153821757055, 1051), (4, 0.28006012024048094, 998), (5, 0.3088023088023088, 693), (6, 0.37419354838709679, 620), (7, 0.40553745928338764, 614), (8, 0.49929478138222849, 709), (9, 0.82814954445491673, 3183), (10, 1.0, 60)]
30
[(0, 0.015471331071637711, 6841), (1, 0.10837231764651117, 1364), (2, 0.16903663848321801, 1301), (3, 0.2305363321799308, 1156), (4, 0.27513711151736747, 1094), (5, 0.30623306233062331, 738), (6, 0.37329286798179057, 659), (7, 0.40483383685800606, 662), (8, 0.49736842105263157, 760), (9, 0.82571001494768315, 3345), (10, 1.0, 60)]
31
[(0, 0.014675060686018355, 7753), (1, 0.11119513901031648, 1634), (2, 0.17103494623655913, 1488), (3, 0.22784471218206159, 1245), (4, 0.274442538593482, 1166), (5, 0.30918499353169471, 773), (6, 0.37681159420289856, 690), (7, 0.4096045197740113, 708), (8, 0.50061349693251533, 815), (9, 0.82440136830102617, 3508), (10, 1.0, 60)]
32
[(0, 0.013849332072484869, 8745), (1, 0.10206943731828287, 1949), (2, 0.16521695660867824, 1667), (3, 0.21990740740740744, 1368), (4, 0.26829268292682928, 1271), (5, 0.30778588807785889, 822), (6, 0.37534246575342467, 730), (7, 0.40322580645161288, 744), (8, 0.49486887115165334, 877), (9, 0.82511835143414092, 3591), (10, 1.0, 60)]
33
[(0, 0.013481591496757693, 9888), (1, 0.10099206349206348, 2284), (2, 0.1624954660863257, 1838), (3, 0.20773769003857501, 1469), (4, 0.26891991182953712, 1361), (5, 0.29977375565610859, 884), (6, 0.36434108527131781, 774), (7, 0.40509554140127391, 785), (8, 0.49032258064516127, 930), (9, 0.82473382473382473, 3663), (10, 1.0, 60)]
34
[(0, 0.013173350179523978, 10967), (1, 0.099517068202157222, 2696), (2, 0.16153024326101248, 2028), (3, 0.20355191256830604, 1586), (4, 0.26886471787899391, 1471), (5, 0.29764453961456105, 934), (6, 0.35671100362756952, 827), (7, 0.40309155766944116, 841), (8, 0.49899598393574296, 996), (9, 0.82352941176470584, 3774), (10, 1.0, 60)]
35
[(0, 0.012898314212062341, 12211), (1, 0.1004098593366886, 3075), (2, 0.15780869829683697, 2192), (3, 0.20207605743112148, 1718), (4, 0.26898734177215189, 1580), (5, 0.29625884732052576, 989), (6, 0.35072142064372919, 901), (7, 0.40022547914317924, 887), (8, 0.50424128180961358, 1061), (9, 0.82449819866186314, 3886), (10, 1.0, 60)]
36
[(0, 0.012584956414516311, 13778), (1, 0.10164683114292149, 3453), (2, 0.1551441210045662, 2336), (3, 0.20375534485963936, 1793), (4, 0.26787842669845052, 1678), (5, 0.29693486590038315, 1044), (6, 0.35300316122233932, 949), (7, 0.40151515151515149, 924), (8, 0.50494159928122195, 1113), (9, 0.82160931174089069, 3952), (10, 1.0, 60)]
37
[(0, 0.012307390735623558, 15416), (1, 0.10370747711256009, 3856), (2, 0.15381009776349269, 2489), (3, 0.19945642644222339, 1901), (4, 0.26817673378076062, 1788), (5, 0.29357798165137616, 1090), (6, 0.35764944275582572, 987), (7, 0.40020470829068577, 977), (8, 0.50775862068965516, 1160), (9, 0.81965174129353235, 4020), (10, 1.0, 60)]
38
[(0, 0.012709264470916116, 16993), (1, 0.10241981529983386, 4309), (2, 0.15394378405151063, 2692), (3, 0.20107526881720431, 2015), (4, 0.26579634464751956, 1915), (5, 0.29289428076256502, 1154), (6, 0.35796545105566219, 1042), (7, 0.400390625, 1024), (8, 0.50923694779116468, 1245), (9, 0.81665449233016796, 4107), (10, 1.0, 60)]
39
[(0, 0.012270570710416925, 19332), (1, 0.10180676267871525, 4553), (2, 0.15247089569969113, 2806), (3, 0.19825236491903159, 2079), (4, 0.2635306019221042, 1977), (5, 0.2931180968564146, 1177), (6, 0.36082474226804123, 1067), (7, 0.40173410404624277, 1038), (8, 0.51100628930817615, 1272), (9, 0.81750420774224575, 4159), (10, 1.0, 60)]
40
[(0, 0.012443165393494167, 21244), (1, 0.10115211506735221, 4955), (2, 0.15241882041086813, 3018), (3, 0.19797297297297298, 2220), (4, 0.26133651551312648, 2095), (5, 0.2895357985837923, 1271), (6, 0.36043360433604338, 1107), (7, 0.4067333939945405, 1099), (8, 0.51122754491017963, 1336), (9, 0.8165289256198347, 4235), (10, 1.0, 60)]
41
[(0, 0.012424954075515663, 23267), (1, 0.1016392316420239, 5372), (2, 0.15107840130839209, 3261), (3, 0.19533221194280909, 2378), (4, 0.26221425369789331, 2231), (5, 0.28507126781695424, 1333), (6, 0.3590633130962706, 1153), (7, 0.4094076655052265, 1148), (8, 0.5145287030474841, 1411), (9, 0.81398049233627501, 4306), (10, 1.0, 60)]
42
[(0, 0.012654819764302641, 25529), (1, 0.10226696179864704, 5744), (2, 0.15039533314048789, 3457), (3, 0.19463131512993009, 2527), (4, 0.26064273789649417, 2396), (5, 0.28408279800142755, 1401), (6, 0.35396039603960394, 1212), (7, 0.41176470588235292, 1207), (8, 0.51529571719918421, 1471), (9, 0.81146788990825691, 4360), (10, 1.0, 60)]
43
[(0, 0.012675772351256883, 27946), (1, 0.10116827035066028, 6201), (2, 0.14924221798711315, 3673), (3, 0.19311377245508982, 2672), (4, 0.25851148060174189, 2526), (5, 0.28383977900552487, 1448), (6, 0.34920634920634919, 1260), (7, 0.41362916006339145, 1262), (8, 0.5111842105263158, 1520), (9, 0.80875680580762255, 4408), (10, 1.0, 60)]
44
[(0, 0.012662995107309864, 30501), (1, 0.099888456031698464, 6674), (2, 0.14834485112191789, 3907), (3, 0.19200710479573713, 2815), (4, 0.25574820957406708, 2653), (5, 0.28294314381270902, 1495), (6, 0.34577303884234578, 1313), (7, 0.4144486692015209, 1315), (8, 0.50699745547073793, 1572), (9, 0.80606060606060603, 4455), (10, 1.0, 60)]
45
[(0, 0.012803668678223995, 33348), (1, 0.099019221440698524, 7068), (2, 0.14685230024213072, 4130), (3, 0.19065232010759919, 2974), (4, 0.25506146059291396, 2766), (5, 0.28340865074241445, 1549), (6, 0.34338235294117647, 1360), (7, 0.41506646971935007, 1354), (8, 0.50154035736290814, 1623), (9, 0.80503565062388593, 4488), (10, 1.0, 60)]
46
[(0, 0.013083567112474615, 36324), (1, 0.097782899808847912, 7515), (2, 0.14341397849462362, 4340), (3, 0.18967166082244183, 3137), (4, 0.25752855659397716, 2889), (5, 0.28072364316905801, 1603), (6, 0.34563520227111427, 1409), (7, 0.4115138592750533, 1407), (8, 0.50090198436560429, 1663), (9, 0.80367826279636601, 4513), (10, 1.0, 60)]
47
[(0, 0.013170218227880667, 39565), (1, 0.096915911455660406, 7887), (2, 0.1426556776556776, 4550), (3, 0.18699062754686227, 3272), (4, 0.25837479270315089, 3015), (5, 0.27958937198067635, 1656), (6, 0.34402730375426621, 1465), (7, 0.41281874569262578, 1451), (8, 0.49796393251890636, 1719), (9, 0.8025968309859155, 4544), (10, 1.0, 60)]
48
