2
[(33, 0.33333333329199549, 0.33333333333333331, 1), (99, 0.99299322957553438, 1.0, 1), (100, 1.0, 1.0, 2)]
3
[(14, 0.14285714285712112, 0.14285714285714285, 3), (99, 0.99999999999296563, 1.0, 1), (100, 1.0, 1.0, 8)]
4
[(8, 0.084216460710467025, 0, 1), (9, 0.099890481827531907, 0.099999999999999992, 6), (59, 0.59524312493482234, 1.0, 1), (65, 0.65209018879619829, 1.0, 1), (80, 0.8077004911861283, 1.0, 1), (82, 0.82886163430718574, 1.0, 1), (89, 0.89550390226243204, 1.0, 1), (99, 0.99995879029970536, 1.0, 10), (100, 1.0, 1.0, 2)]
5
[(4, 0.049999999998678539, 0.049999999999999996, 10), (6, 0.069461135240367788, 0, 1), (13, 0.13797962835541952, 0, 1), (14, 0.14908772767387179, 1.0, 1), (40, 0.40421403273884521, 0, 1), (70, 0.70038840531887614, 0, 1), (76, 0.76442694605229466, 0, 1), (94, 0.94349431561292429, 0, 2), (99, 0.99992137896880795, 0.95238095238095233, 21), (100, 1.0, 1.0, 1)]
6
[(3, 0.039201769068943564, 0.03692307692307692, 16), (16, 0.16039437966679623, 0, 1), (26, 0.2697926483816902, 0.5, 1), (33, 0.33560997618764227, 0, 1), (38, 0.38829492935892507, 0, 1), (54, 0.54377205238974424, 0, 1), (67, 0.67226644776876199, 1.0, 1), (70, 0.70773174770459424, 1.0, 1), (83, 0.83553294549158519, 1.0, 1), (88, 0.88821840798365237, 1.0, 1), (90, 0.90426964598386206, 0, 2), (92, 0.92089969820397266, 1.0, 1), (96, 0.96365304346810732, 1.0, 1), (97, 0.97894943594394068, 1.0, 1), (98, 0.98370697089531267, 1.0, 1), (99, 0.9991992655407318, 0.8928571428571429, 28), (100, 1.0, 1.0, 1)]
7
[(3, 0.030731849693623213, 0.027321829405162729, 27), (5, 0.057832688456585971, 0, 1), (8, 0.084095203352522019, 0, 2), (11, 0.11341893998106939, 0, 1), (23, 0.23072180326922026, 0, 1), (44, 0.44830940586969298, 0, 1), (47, 0.47887746860550262, 0.5, 2), (56, 0.56111450016085151, 0, 1), (57, 0.5713120529230491, 1.0, 1), (63, 0.63805679432831464, 1.0, 1), (72, 0.72734970885561212, 0, 1), (73, 0.73962661466670387, 0, 1), (88, 0.88306953674658029, 1.0, 1), (90, 0.90678528787460444, 1.0, 1), (91, 0.91882285931033159, 1.0, 1), (92, 0.92808740833104819, 1.0, 1), (95, 0.9529501505525324, 0, 1), (98, 0.98571544679330425, 1.0, 2), (99, 0.99936325413827487, 1.0, 37)]
8
[(2, 0.028433299228958105, 0.021403769841269845, 32), (9, 0.097578928065895784, 0, 1), (10, 0.1072590240088257, 0, 1), (11, 0.1110984792528377, 0, 2), (28, 0.28521876767573467, 0, 2), (35, 0.35299659081210838, 0, 1), (45, 0.4534799033272483, 0, 1), (48, 0.4840330879081246, 0.5, 2), (55, 0.55077431780302832, 0, 1), (57, 0.57902734134876932, 0, 1), (60, 0.60317251999679466, 0, 1), (62, 0.62637289784333317, 0, 1), (63, 0.63299317022155865, 1.0, 1), (69, 0.6982510241316654, 0, 1), (72, 0.72637545871437703, 0, 1), (74, 0.74284935433123733, 0, 1), (79, 0.79373305646172565, 0, 1), (81, 0.810576290227352, 1.0, 1), (83, 0.83430895402775918, 0, 2), (91, 0.91512214150587845, 1.0, 1), (95, 0.95384728537327901, 1.0, 2), (96, 0.96800709601705937, 1.0, 1), (98, 0.98565277229618031, 0.33333333333333331, 3), (99, 0.99962571332839767, 1.0, 38), (100, 1.0, 1.0, 13)]
9
[(2, 0.02508371992556032, 0.02199519230769232, 32), (3, 0.037857508997429033, 1.0, 1), (7, 0.079163626077648208, 0, 1), (8, 0.084509813949059751, 0, 1), (9, 0.090734059140376008, 0.045454545454545456, 2), (13, 0.13100230003231611, 0, 1), (14, 0.14642733913490785, 1.0, 1), (27, 0.2764122714801468, 1.0, 2), (31, 0.31727008683867713, 0.33333333333333331, 1), (32, 0.32451485957920068, 0.16666666666666666, 2), (34, 0.34268830344397433, 1.0, 1), (45, 0.45468050691731787, 1.0, 1), (46, 0.46438135489101456, 0.5, 1), (48, 0.48050052493468792, 1.0, 1), (49, 0.4901601254071814, 1.0, 1), (54, 0.54874011472279594, 0, 1), (57, 0.57292829667238288, 1.0, 1), (58, 0.58633458567252672, 0, 1), (62, 0.62110739851313657, 1.0, 1), (63, 0.63999915769458837, 1.0, 1), (70, 0.70273348798384228, 0, 1), (73, 0.73802250936923353, 0, 1), (76, 0.76639374189323117, 1.0, 1), (83, 0.83224035033037502, 1.0, 1), (84, 0.84556287295049182, 1.0, 1), (89, 0.89012598873435012, 1.0, 1), (90, 0.90172881699300234, 1.0, 1), (91, 0.91917390131988719, 1.0, 1), (93, 0.93576972618547583, 1.0, 2), (94, 0.94416550199456339, 0.5, 2), (95, 0.95331720714876378, 0.66666666666666663, 3), (96, 0.96631784320371739, 0.5, 2), (97, 0.97918958939125789, 1.0, 2), (98, 0.98531394793872218, 0.66666666666666663, 3), (99, 0.99881633555147009, 0.98076923076923073, 52), (100, 1.0, 1.0, 16)]
10
[(1, 0.01431194699649292, 0.013552508466436471, 54), (4, 0.048255331832388365, 0, 1), (5, 0.052631546776789613, 0.052631578947368418, 1), (7, 0.077806891318838473, 1.0, 1), (9, 0.099999715710162321, 0, 7), (16, 0.16454469093504687, 0.5, 2), (17, 0.1748935418389255, 1.0, 1), (19, 0.19381718080857188, 0, 1), (24, 0.24404507333231146, 0, 1), (26, 0.26354942195054815, 0, 1), (31, 0.31851219155741411, 0, 1), (33, 0.33018470195436284, 0, 1), (35, 0.35377860874046868, 1.0, 1), (36, 0.36063607013805637, 0, 1), (38, 0.38074230542525828, 0, 1), (41, 0.41563230287737934, 0, 1), (42, 0.42816870471959623, 1.0, 1), (44, 0.44150030481662733, 0, 1), (47, 0.47768308417560906, 0, 1), (48, 0.48019947586850731, 0, 1), (50, 0.50389061776286936, 1.0, 1), (52, 0.52355627375886238, 1.0, 1), (53, 0.53406982542492476, 0.5, 2), (55, 0.55289768590934374, 0, 1), (58, 0.58714664128230531, 0, 1), (60, 0.60839518059614384, 1.0, 1), (62, 0.62633412167113423, 0, 2), (63, 0.63512397431085454, 0.5, 2), (64, 0.64227911224054979, 1.0, 1), (65, 0.65364066705804136, 1.0, 1), (66, 0.66502113065579749, 0, 1), (67, 0.67229157473832746, 1.0, 3), (71, 0.71581066196318577, 1.0, 1), (72, 0.72807187277358365, 0, 1), (73, 0.733527497670869, 0, 1), (74, 0.74887867101725936, 0, 1), (76, 0.76199257991099634, 0, 1), (78, 0.78510114443268686, 0, 1), (79, 0.7915942405881452, 0, 1), (80, 0.80031939413741093, 0, 1), (81, 0.81040998234117001, 1.0, 1), (82, 0.8284173896397482, 1.0, 1), (83, 0.83399959303522087, 0.66666666666666663, 3), (85, 0.85952510394227555, 1.0, 1), (86, 0.86784197977869604, 0.5, 2), (89, 0.89360888722498566, 1.0, 2), (92, 0.92248012850553862, 1.0, 1), (96, 0.96323091084493928, 1.0, 4), (97, 0.97330623885849454, 1.0, 4), (98, 0.98398375673084593, 0.5, 2), (99, 0.99874810979236073, 0.93333333333333335, 45), (100, 1.0, 1.0, 9)]
11
[(1, 0.019312215150168392, 0.013843999138116783, 42), (2, 0.023246928081602294, 0.023255813953488372, 8), (4, 0.048715585127690711, 0.012500000000000001, 4), (5, 0.051361979507533351, 0, 1), (7, 0.07262533484914982, 0, 1), (8, 0.084258902533784166, 0, 1), (9, 0.090752703313567759, 0, 7), (11, 0.11114554597529147, 1.0, 1), (12, 0.12309138412724976, 0.5, 2), (18, 0.183490097684753, 0, 2), (19, 0.19264808269600309, 0, 1), (23, 0.23311274555222189, 0.5, 2), (30, 0.307089375982951, 0, 1), (31, 0.31745605795110288, 1.0, 1), (38, 0.38124819362995077, 1.0, 1), (41, 0.41195601681803135, 0, 1), (42, 0.42186007956603089, 0, 1), (44, 0.44651982557755493, 0, 1), (45, 0.45721618058054453, 0, 1), (46, 0.46812907668355963, 1.0, 1), (47, 0.47173813605535708, 0, 1), (49, 0.49476960594629626, 0, 2), (51, 0.51791562394027268, 0, 1), (53, 0.53404619933707154, 0.5, 2), (54, 0.54175182616857176, 0, 1), (55, 0.55117567145456081, 0, 1), (56, 0.56417560498011377, 0, 1), (57, 0.57304456317171459, 1.0, 1), (58, 0.58257755149635937, 0.5, 2), (59, 0.59753158642609105, 0, 1), (64, 0.64662408404272409, 1.0, 2), (66, 0.66942840063916176, 0, 1), (69, 0.69092297378079548, 0, 1), (71, 0.71480804592769531, 0.42857142857142855, 7), (72, 0.72041423924829195, 0, 1), (73, 0.73867579642281589, 1.0, 3), (75, 0.75746373673977763, 0, 1), (76, 0.76440122295002866, 0, 3), (77, 0.77230144309277149, 0, 1), (78, 0.78038414035249082, 0, 1), (79, 0.7912119479217774, 0, 2), (80, 0.80684643738756678, 1.0, 1), (83, 0.83309672845801153, 0.33333333333333331, 3), (86, 0.86040485971728486, 0, 1), (87, 0.87627762164790246, 1.0, 3), (88, 0.88529068787970167, 1.0, 1), (90, 0.9075587185090217, 1.0, 1), (91, 0.91340782914122576, 0, 1), (92, 0.92546473730196377, 0.5, 2), (93, 0.93830996413241174, 1.0, 2), (94, 0.94108018646048952, 1.0, 1), (95, 0.95883347181546386, 1.0, 1), (96, 0.96450255025277376, 0.5, 4), (97, 0.97724708471151078, 0.5, 2), (98, 0.98488826117084649, 0.8571428571428571, 7), (99, 0.99922130246856777, 0.94202898550724634, 69), (100, 1.0, 1.0, 5)]
12
[(1, 0.012960685055899467, 0.028532196621372637, 61), (3, 0.035010174741096689, 0, 1), (4, 0.043485514827851859, 0.010869565217391304, 4), (5, 0.054249134497969406, 0.5, 2), (6, 0.068237390810084064, 1.0, 1), (7, 0.077004650070876632, 0, 9), (10, 0.10722640140803015, 1.0, 1), (12, 0.12931480894379227, 0, 1), (14, 0.14227172495502985, 0, 1), (16, 0.16454205114959913, 0.5, 2), (18, 0.18471925959908811, 1.0, 2), (19, 0.19471302169339763, 0, 1), (21, 0.21199810825718077, 0, 2), (22, 0.22995807088904088, 0, 1), (26, 0.26692536041690434, 0, 2), (28, 0.28945139702286116, 0, 1), (29, 0.29866527764570155, 0, 1), (33, 0.3329159817505728, 0, 2), (35, 0.35459332360558388, 1.0, 1), (37, 0.37096717410441099, 0, 1), (38, 0.38369427450293275, 0.5, 2), (40, 0.40346419715717485, 1.0, 2), (41, 0.41767308566300032, 0.5, 2), (42, 0.42038684061765491, 0, 1), (43, 0.43798706847442875, 1.0, 1), (44, 0.44690684621085197, 0.5, 2), (46, 0.46504059801120984, 0, 1), (47, 0.47168518757412736, 1.0, 1), (48, 0.48623332554937032, 0.5, 1), (49, 0.49480030901726707, 1.0, 2), (50, 0.50604722997876694, 0.66666666666666663, 3), (51, 0.51492391765063827, 1.0, 2), (54, 0.54831226908989161, 0, 1), (55, 0.55369373753676365, 0.33333333333333331, 3), (56, 0.56670986504950338, 0.33333333333333331, 3), (58, 0.58286310199088753, 0, 2), (59, 0.59961183501390658, 0, 1), (60, 0.6060229737350834, 1.0, 1), (61, 0.61163339960186669, 0, 3), (62, 0.62933485559510782, 1.0, 1), (63, 0.63620468092208238, 0, 1), (64, 0.64288384153128364, 0.66666666666666663, 3), (65, 0.6559592657530261, 0, 1), (66, 0.66375850307143835, 1.0, 1), (68, 0.68579359710885079, 0, 1), (69, 0.69663986490190899, 0.33333333333333331, 3), (70, 0.70758494053754983, 0, 1), (71, 0.71962896262423359, 0.5, 2), (72, 0.72344152951810081, 1.0, 1), (74, 0.74344586580499517, 1.0, 2), (75, 0.75763074053824986, 1.0, 1), (76, 0.76539418635595924, 0, 1), (77, 0.77347896459992049, 1.0, 2), (78, 0.78615492423135713, 0.40000000000000002, 5), (79, 0.79651827597610714, 0, 2), (80, 0.80213420678247715, 0.5, 2), (81, 0.81554281801087591, 0, 1), (82, 0.82804969260587191, 1.0, 1), (83, 0.83743140779986436, 0, 2), (84, 0.84611412808665609, 1.0, 1), (86, 0.86632703739159944, 0, 2), (87, 0.87078365900715693, 0, 1), (88, 0.88511177835352006, 1.0, 2), (89, 0.89197267809040748, 1.0, 2), (90, 0.90543304246887535, 1.0, 3), (91, 0.91286103772636695, 0.5, 2), (92, 0.92061075449502139, 0.5, 2), (93, 0.93548273458409936, 0.40000000000000002, 5), (95, 0.95604969076212598, 1.0, 4), (96, 0.96547065330076798, 0.5, 4), (97, 0.97682502638887803, 0.66666666666666663, 3), (98, 0.98495895926114563, 0.5, 2), (99, 0.99911191777917585, 0.95238095238095233, 63), (100, 1.0, 1.0, 3)]
13
[(1, 0.019811251771685256, 0, 3), (2, 0.02345303827489114, 0.019700589265806655, 39), (3, 0.035822933900096235, 0.20000000000000001, 5), (4, 0.043520814411107722, 0.14880952380952381, 7), (6, 0.065284099605393275, 0, 2), (7, 0.076872959084624007, 0, 9), (11, 0.11016168772527693, 0, 1), (13, 0.13016342359390831, 0, 1), (14, 0.14464830541381898, 0.5, 2), (16, 0.16746119015076386, 0, 1), (19, 0.19493236405416103, 0, 1), (20, 0.20646852929239934, 0, 1), (21, 0.21591626117784779, 0.33333333333333331, 3), (24, 0.24537185020815019, 0, 1), (25, 0.25588372251611852, 0.33333333333333331, 3), (26, 0.26215871899726834, 1.0, 1), (28, 0.28492537286711161, 0, 2), (29, 0.29367304003189615, 0, 3), (30, 0.30331696983311152, 0, 3), (31, 0.317758425617298, 0, 1), (32, 0.32430070492111546, 1.0, 1), (34, 0.34263695999911659, 0.5, 2), (35, 0.35534626070994851, 0, 1), (36, 0.36950020524855293, 1.0, 1), (37, 0.37514958646637792, 0.5, 2), (39, 0.39344223761332292, 0, 3), (41, 0.41125341701564472, 0.33333333333333331, 3), (42, 0.42095958538997275, 0, 1), (43, 0.4365039996130991, 0.66666666666666663, 3), (44, 0.44837443026782636, 0.33333333333333331, 3), (45, 0.45466837817259415, 0, 3), (46, 0.46916678348078728, 0.5, 1), (47, 0.47829669512342038, 0.5, 1), (48, 0.48528727868021942, 0.33333333333333331, 3), (49, 0.49711874783285387, 0, 1), (50, 0.50460297722938474, 0, 2), (51, 0.51437264565593532, 0.33333333333333331, 3), (52, 0.52353576107354438, 0.33333333333333331, 3), (53, 0.5354847828234014, 0, 2), (54, 0.54775694742753234, 0, 1), (55, 0.55448922598025008, 0, 1), (56, 0.56174314857154284, 0, 1), (57, 0.57527886207953172, 0.5, 2), (59, 0.5972744547197868, 0, 2), (60, 0.60532392375724486, 0, 1), (61, 0.61725895328688662, 0, 2), (62, 0.6249785560748522, 0, 1), (63, 0.63540866714229438, 1.0, 3), (64, 0.64683346711201406, 1.0, 3), (67, 0.67322012847678003, 0.5, 2), (68, 0.68521311424659226, 1.0, 2), (69, 0.69641450038109998, 0.33333333333333331, 3), (70, 0.70251258992722754, 0, 1), (71, 0.71341621027294433, 0.20000000000000001, 5), (72, 0.7219640553427954, 0, 1), (75, 0.75359263655557562, 0.33333333333333331, 3), (76, 0.76292859001338376, 0.40000000000000002, 5), (77, 0.77693999439925276, 0.33333333333333331, 6), (78, 0.78945713060526557, 1.0, 1), (79, 0.79365980795820457, 0.33333333333333331, 3), (80, 0.80322479246970002, 0.75, 4), (81, 0.81850054865184863, 1.0, 1), (82, 0.82380792332662089, 0.5714285714285714, 7), (84, 0.84192504803316559, 0, 2), (85, 0.8542155497372248, 0.5, 4), (86, 0.86813538704313786, 1.0, 2), (87, 0.87524674430070004, 0.75, 4), (88, 0.88774364389556659, 0.25, 4), (90, 0.904561680825822, 0, 1), (92, 0.92257778313956817, 0.33333333333333331, 3), (93, 0.93518388884654058, 0.75, 4), (94, 0.94609543154846187, 0.625, 8), (95, 0.95834316030648736, 1.0, 4), (96, 0.96510749069759194, 1.0, 5), (97, 0.97581903203847697, 1.0, 2), (98, 0.9848997627741698, 0.61538461538461542, 13), (99, 0.99751221923355082, 0.91044776119402981, 67)]
14
[(0, 0.0083072189111726268, 0.0072814710493328801, 119), (2, 0.027631384566991126, 0, 1), (3, 0.035647510447235506, 0.0041152263374485592, 9), (4, 0.048231753067535306, 0, 1), (6, 0.066568176297547632, 0, 10), (7, 0.077887700165250637, 0, 1), (8, 0.085200603823805787, 0.66666666666666663, 3), (10, 0.10586436090123673, 0, 1), (11, 0.11401531027032656, 0.33333333333333331, 3), (12, 0.12602433219733261, 0, 2), (13, 0.13058830677214389, 0, 2), (16, 0.16539449710902315, 0, 2), (17, 0.17467660271331467, 0, 1), (18, 0.18585355531415276, 0, 2), (19, 0.19941877164355637, 0, 1), (24, 0.24906253065712397, 0, 1), (25, 0.25915187054015348, 0, 1), (27, 0.27653645921121661, 0.5, 2), (30, 0.30384201970514857, 0, 2), (31, 0.31956548582423011, 0, 1), (32, 0.32644508356166119, 0.66666666666666663, 3), (33, 0.33705121792443493, 0, 1), (34, 0.3446322589395166, 0.25, 4), (35, 0.35034438973585158, 0, 1), (36, 0.36538527785656522, 1.0, 1), (38, 0.38021542169449135, 0, 1), (39, 0.39488006866166031, 0.5, 2), (41, 0.41603183387213688, 0, 2), (43, 0.43517510647202062, 0.5, 2), (44, 0.4444397918480032, 1.0, 1), (45, 0.45288213607507549, 0, 2), (47, 0.47503521607456156, 0, 1), (48, 0.48346670744836706, 0, 2), (49, 0.49476839494146718, 0.16666666666666666, 3), (50, 0.50471102337002793, 0.5, 2), (52, 0.52493177343193587, 0, 1), (53, 0.53288246999244882, 0, 2), (54, 0.54417241037545316, 0, 1), (55, 0.5545915865855866, 0.5, 4), (56, 0.56485251785101309, 0.5, 6), (57, 0.57546008931969672, 0, 1), (58, 0.58043209749000857, 0, 1), (59, 0.59375151484042654, 1.0, 1), (60, 0.60671872778529079, 0, 1), (61, 0.61374483271951863, 0, 2), (62, 0.62343628131788864, 0.5, 2), (63, 0.63809191123581721, 0, 1), (64, 0.64565309477335653, 0.5, 2), (65, 0.65044753670821609, 0, 1), (67, 0.67390681402466956, 1.0, 1), (68, 0.68836117755419901, 1.0, 1), (70, 0.70816335444541512, 1.0, 2), (71, 0.71124496984853702, 1.0, 1), (72, 0.7257976967592995, 0.5, 2), (73, 0.73984589063205941, 1.0, 1), (74, 0.74399694961655849, 1.0, 1), (75, 0.75653200344162352, 0, 1), (76, 0.76609733576560868, 0.5, 4), (77, 0.77064819415132968, 0, 1), (78, 0.7837283269163241, 1.0, 1), (79, 0.79251221234675662, 0, 1), (80, 0.80819218188548836, 0, 1), (81, 0.81114547434614381, 0.5, 2), (82, 0.82396637010279949, 0.75, 4), (83, 0.83160896776073712, 1.0, 1), (84, 0.84706745428992647, 1.0, 1), (85, 0.85434289432150301, 0.20000000000000001, 5), (86, 0.86538559858023711, 0.80000000000000004, 5), (88, 0.88279391896260007, 1.0, 3), (89, 0.89335075368699957, 0, 2), (90, 0.90211212844835786, 1.0, 1), (91, 0.91986525670845853, 1.0, 1), (92, 0.9266482391444959, 0.66666666666666663, 3), (93, 0.93298696269470494, 0.20000000000000001, 5), (94, 0.94349604078934113, 0.5, 4), (95, 0.9506175132781608, 1.0, 1), (96, 0.96566191743196095, 0.75, 8), (97, 0.97558561508708552, 0.80000000000000004, 5), (98, 0.98635701813242072, 0.8571428571428571, 7), (99, 0.99799844821559225, 0.98550724637681164, 69)]
15
[(0, 0.0082077778028748511, 0.016871598721520029, 104), (1, 0.013599286675039169, 0, 2), (2, 0.028673049544901186, 0, 3), (3, 0.030597108909281256, 0.030618686868686868, 3), (4, 0.04994249411247232, 0, 11), (5, 0.052320601794804397, 0, 1), (6, 0.065040796715787649, 0.16666666666666666, 2), (7, 0.077013426892177453, 0, 1), (11, 0.11150933810783484, 1.0, 1), (12, 0.12342520710603103, 0, 1), (15, 0.15668537550130154, 0, 3), (16, 0.16803198367155203, 0, 2), (17, 0.17497973773091546, 0, 1), (18, 0.1822612884841294, 0.5, 2), (19, 0.19394797210447057, 0.055555555555555552, 6), (20, 0.20372211593559303, 0, 2), (21, 0.21909424001277997, 0.33333333333333331, 3), (22, 0.22374915491436262, 0.5, 2), (24, 0.24779866510664919, 0.16666666666666666, 3), (25, 0.25778150498011382, 0, 1), (26, 0.26708073712172709, 0, 1), (27, 0.27320491404745467, 0, 1), (28, 0.28509917946485819, 0, 1), (29, 0.29551377181521332, 0, 2), (31, 0.31462248922351987, 0.16666666666666666, 2), (32, 0.32800094483641712, 0.33333333333333331, 3), (33, 0.33266291467170511, 1.0, 3), (35, 0.35480713550308735, 0, 3), (37, 0.37760258512582906, 0, 1), (38, 0.38412017903638768, 0.2857142857142857, 7), (39, 0.39338729758276259, 0, 2), (41, 0.41529607376834138, 0, 2), (42, 0.42328296572246071, 1.0, 1), (43, 0.43322259415882636, 0.25, 2), (44, 0.44504425212685139, 0.375, 4), (45, 0.455476423190595, 0, 2), (46, 0.46525666055690901, 1.0, 2), (47, 0.47497615971041085, 0.20000000000000001, 5), (48, 0.48928209247273341, 0, 3), (49, 0.4965219304189864, 0.5, 4), (50, 0.50620932256994133, 1.0, 2), (51, 0.51602460584050447, 0, 4), (52, 0.52851821137693955, 0, 2), (53, 0.53253255858751136, 0.5, 2), (54, 0.54557415677262422, 0.59999999999999998, 5), (55, 0.55541755113196711, 0.5, 4), (56, 0.56452470893864259, 0, 2), (57, 0.57569075664848512, 0.5, 2), (59, 0.59210975624199524, 1.0, 1), (61, 0.61275169025761789, 0.5, 2), (62, 0.62634066810231537, 0.5, 2), (63, 0.6362545134308577, 0.40000000000000002, 5), (64, 0.64281691764366922, 0.80000000000000004, 5), (65, 0.65858776907520977, 1.0, 2), (67, 0.67392595724920845, 0.5, 2), (68, 0.68041363815278466, 0, 1), (69, 0.69478940687236357, 0, 3), (70, 0.70911491896179002, 0, 1), (71, 0.71380665367175966, 0.33333333333333331, 3), (72, 0.72012919368810202, 1.0, 1), (73, 0.73918393827169404, 0, 1), (74, 0.74778212496520058, 0.5, 2), (75, 0.75638653761150387, 0.66666666666666663, 3), (76, 0.76965995468341153, 0, 1), (77, 0.77531404129956183, 0.5, 2), (78, 0.78876876684207731, 0, 1), (79, 0.79478079653437661, 0.66666666666666663, 3), (80, 0.80570453851668522, 1.0, 2), (81, 0.81458497871319602, 0.40000000000000002, 5), (82, 0.8262678725131668, 1.0, 3), (83, 0.83419686735183307, 0.5, 4), (84, 0.84681261249142781, 0.33333333333333331, 3), (85, 0.85640559462252908, 0, 2), (86, 0.86358515317268236, 0.5, 2), (87, 0.87549051178014992, 0.75, 4), (89, 0.89124788023676027, 1.0, 1), (90, 0.90150153315796988, 0.33333333333333331, 3), (91, 0.91669204989788933, 0.59999999999999998, 5), (92, 0.9259529440111155, 1.0, 1), (93, 0.93649389299999308, 0.5, 2), (94, 0.94539816434166746, 0.75, 4), (95, 0.95542508438593254, 0.5, 4), (96, 0.9635599653034056, 0.66666666666666663, 3), (97, 0.97382032624478942, 0.75, 8), (98, 0.98551171307423779, 0.2857142857142857, 7), (99, 0.9984291718367494, 0.92045454545454541, 88)]
16
[(0, 0.0073294132167924528, 0.0064731382916731681, 118), (1, 0.016192076554668654, 0, 1), (2, 0.026464041906784089, 0.0084033613445378148, 17), (3, 0.034224480948684285, 0, 2), (4, 0.045341565444131156, 0, 11), (5, 0.05412004326640156, 0, 1), (7, 0.072874726035666165, 0.5, 2), (8, 0.08652659753399862, 0, 1), (9, 0.095481740878735122, 0, 3), (10, 0.10477959552657845, 0, 3), (12, 0.12287494317605487, 0, 1), (13, 0.13955965043846066, 0, 1), (14, 0.14239188892464594, 0, 4), (15, 0.15977240983384974, 0, 1), (16, 0.1625821579905401, 0, 2), (17, 0.17652463334702814, 0, 3), (19, 0.19486716826503597, 0, 2), (20, 0.20807741924034356, 0, 1), (21, 0.21496748059601409, 0, 1), (22, 0.22200006897041025, 0, 2), (23, 0.23602635919238335, 0, 2), (24, 0.24541910353601928, 0.5, 2), (25, 0.25720162486468651, 0, 3), (26, 0.26455791218295588, 0, 2), (27, 0.27588511092241591, 0.5, 2), (28, 0.28401527690449352, 0, 3), (29, 0.29723237587950319, 0, 3), (31, 0.31218542159200541, 0, 1), (32, 0.32451585018999984, 0, 2), (33, 0.33453200984196879, 0.25, 4), (34, 0.342753766649251, 0, 1), (35, 0.35304062437407957, 0, 2), (36, 0.36458251327715907, 0.375, 8), (37, 0.37416530023126737, 0, 5), (38, 0.38546765018548185, 0.66666666666666663, 3), (39, 0.39877324258030455, 0, 3), (40, 0.40531035538758831, 0.25, 2), (41, 0.41317159310469953, 0, 2), (42, 0.42392981644909222, 1.0, 1), (43, 0.43261054132648608, 1.0, 1), (44, 0.44671181816733213, 0.16666666666666666, 3), (45, 0.45380268225895071, 0.29999999999999999, 5), (46, 0.46464044544490957, 0.5, 2), (47, 0.47877445560205223, 0, 2), (48, 0.48740461386873984, 0, 2), (49, 0.49597579327966362, 0.14999999999999999, 10), (52, 0.52586333209486502, 0.5, 4), (53, 0.5354589219733531, 0.59999999999999998, 5), (54, 0.54324805682731681, 0, 2), (55, 0.55861605648924406, 0, 3), (56, 0.56416036920245449, 0.66666666666666663, 6), (57, 0.57887658195054836, 1.0, 1), (58, 0.5853207130681215, 1.0, 2), (59, 0.59391458258005692, 0.59999999999999998, 5), (60, 0.60278500466340257, 0.33333333333333331, 3), (61, 0.61645471495504478, 0.75, 4), (62, 0.62423928706187826, 0, 5), (63, 0.63078888376340825, 0, 1), (64, 0.64322678881320039, 0.5, 4), (65, 0.6567209102749082, 0.66666666666666663, 3), (66, 0.66474077099182349, 0.20000000000000001, 5), (67, 0.67592893421630518, 0, 1), (68, 0.68429208318877144, 1.0, 1), (69, 0.69151630644325868, 0, 1), (70, 0.70406088902887909, 0.59999999999999998, 5), (71, 0.71303988019703823, 0.25, 4), (74, 0.74436574793106736, 0.33333333333333331, 3), (75, 0.75993637927981406, 1.0, 1), (76, 0.76189583618215961, 1.0, 1), (77, 0.77263333308495497, 0.33333333333333331, 3), (78, 0.78683308166138244, 0, 1), (79, 0.79558492471610465, 0.5, 2), (80, 0.80377912099884019, 0.5, 4), (81, 0.81586139853629058, 0.25, 4), (82, 0.82810152937281645, 0.5, 2), (83, 0.83382670301995265, 0.33333333333333331, 3), (84, 0.8462010493390798, 0, 4), (85, 0.85787031317384144, 1.0, 1), (86, 0.86347519948266849, 0.59999999999999998, 5), (88, 0.88516759766597541, 0.5, 2), (89, 0.89728817012083495, 0.66666666666666663, 6), (90, 0.90751464797744086, 0, 1), (91, 0.91801638038062716, 0.66666666666666663, 3), (92, 0.92155820511122921, 0.5, 2), (93, 0.9372374430302074, 0.59999999999999998, 5), (94, 0.94279767148740523, 0, 2), (95, 0.95705928568846188, 0.75, 4), (96, 0.964652147301301, 0.5, 2), (97, 0.976093119666956, 0.59999999999999998, 5), (98, 0.98497053094358966, 0.66666666666666663, 15), (99, 0.99836369120449553, 0.9135802469135802, 81)]
17
[(0, 0.0061008856021098406, 0.0059724909969737349, 151), (2, 0.024026965241353192, 0.010511033681765388, 21), (3, 0.036929725170717735, 0, 13), (5, 0.057194625065558571, 0.5, 2), (6, 0.063641603475843467, 0, 1), (7, 0.073851898146963746, 0.33333333333333331, 3), (8, 0.081367645181377873, 0, 1), (11, 0.11283349748599904, 0, 1), (12, 0.12986499174293142, 0, 1), (13, 0.13675284700735524, 0, 2), (15, 0.15692029532212295, 1.0, 1), (17, 0.1749390097341525, 0, 4), (18, 0.18345744646161957, 1.0, 2), (19, 0.19254356161288899, 0, 1), (20, 0.20085868946831056, 0, 3), (21, 0.21562898715226228, 0, 3), (22, 0.22286150371578961, 0.5, 2), (23, 0.23372026486057029, 1.0, 2), (24, 0.24520148826441313, 0, 1), (26, 0.26777552150274309, 0, 2), (27, 0.27017160234699694, 0, 1), (29, 0.29176150335926238, 0, 3), (30, 0.30370993725896855, 0.20000000000000001, 5), (32, 0.32866164091797551, 0, 2), (33, 0.3342932642063256, 0, 1), (34, 0.34457328442486423, 0.5, 4), (35, 0.35708684095259052, 0, 4), (36, 0.36641190048387107, 0.25, 4), (37, 0.37343293575940528, 0.5, 3), (38, 0.3855307865814438, 0.21428571428571427, 7), (39, 0.39717791909914935, 0.5, 3), (40, 0.40893880366546864, 0, 2), (41, 0.41587834766846798, 0.20000000000000001, 5), (42, 0.42178648578995648, 0, 1), (43, 0.43761634111611042, 0.40000000000000002, 5), (44, 0.441947035917996, 0, 1), (45, 0.4541299336174906, 0.59999999999999998, 5), (46, 0.46372678591417915, 1.0, 1), (47, 0.47440473491713753, 0.75, 4), (48, 0.48451101237741923, 0.75, 4), (49, 0.49639111538511732, 0.10000000000000001, 5), (50, 0.50070332098709514, 1.0, 1), (51, 0.51478059688228439, 0, 2), (52, 0.52639210919393409, 0.33333333333333331, 3), (53, 0.53412134532652034, 0.5, 4), (54, 0.54599406327149735, 0.66666666666666663, 3), (55, 0.5535362206376846, 0, 2), (56, 0.56682109292378191, 0.75, 4), (57, 0.57294187944261554, 0.83333333333333337, 6), (58, 0.58972284108322159, 1.0, 1), (59, 0.59660472816758259, 0.40000000000000002, 5), (61, 0.61500383518979052, 1.0, 1), (62, 0.62319108346510321, 0, 1), (63, 0.63711197483890392, 0, 2), (64, 0.64357491211125539, 0, 2), (65, 0.65760098160294689, 0, 1), (66, 0.66204498075537632, 0.66666666666666663, 3), (67, 0.67227077447860417, 0, 1), (68, 0.68898544304274356, 0, 1), (69, 0.69101137165533921, 1.0, 1), (70, 0.70696114380866593, 0.5, 2), (71, 0.71424175662560918, 0.66666666666666663, 3), (72, 0.72604191838587584, 0, 2), (73, 0.73578169264635085, 1.0, 1), (74, 0.74471866468890391, 0, 4), (75, 0.75464025243271504, 0.59999999999999998, 5), (76, 0.76255158503012432, 1.0, 2), (77, 0.77405039118405916, 0.5, 4), (78, 0.78688903052382198, 0, 3), (79, 0.79619696355166947, 0.20000000000000001, 5), (80, 0.80484354511740896, 0.375, 8), (81, 0.81683036425832845, 0, 2), (82, 0.82508776663526828, 1.0, 2), (83, 0.83370851055587836, 0, 2), (84, 0.84292955698049299, 0.33333333333333331, 6), (85, 0.85874099126222969, 0, 1), (86, 0.86674408285918914, 0.66666666666666663, 3), (87, 0.87454090750900215, 0.66666666666666663, 3), (88, 0.88492125052805148, 0, 1), (89, 0.89381420356622288, 1.0, 2), (90, 0.90554653699981458, 0.75, 4), (91, 0.91652669751377625, 0, 2), (92, 0.92366995261944529, 0.40000000000000002, 5), (93, 0.9352413750464903, 0.5, 6), (94, 0.94445430036021549, 0, 4), (95, 0.95509021647143444, 0.8571428571428571, 7), (96, 0.96633516279500742, 0.63636363636363635, 11), (97, 0.97513606071857772, 0.63636363636363635, 11), (98, 0.98483045695194094, 0.61538461538461542, 13), (99, 0.99842913400505651, 0.898876404494382, 89)]
18
[(0, 0.006957494498946986, 0.0067958215391938177, 125), (1, 0.015880666858326883, 0.011627906976744186, 2), (2, 0.024010997120369762, 0.010889627168696936, 15), (3, 0.035156655185221174, 0, 14), (4, 0.045882995439532982, 0, 1), (5, 0.050903159850093818, 1.0, 1), (6, 0.066089734161087987, 0.33333333333333331, 3), (7, 0.072887756918349575, 0.33333333333333331, 3), (8, 0.086282445248239456, 0, 8), (9, 0.09483456918722144, 0.125, 8), (10, 0.10457304208611365, 0.40000000000000002, 5), (11, 0.1189506480133761, 0.09375, 4), (12, 0.1283505283467824, 0, 2), (13, 0.1353021021736536, 0.085714285714285715, 5), (14, 0.14438513233806771, 0, 3), (15, 0.15506032852915513, 0, 2), (16, 0.16316500224695402, 0.14285714285714285, 7), (17, 0.17320207844687108, 0, 2), (18, 0.18365076275674369, 0.5, 2), (19, 0.19622886327289954, 0.33333333333333331, 3), (20, 0.20488998796704522, 0.14285714285714285, 7), (21, 0.21867338606805845, 1.0, 1), (22, 0.22533768266567689, 0.125, 8), (23, 0.23950280801969401, 0, 1), (24, 0.24393583957086737, 0, 4), (25, 0.25283174259510538, 0.16666666666666666, 3), (26, 0.26735320024504983, 0, 1), (27, 0.27388800321222645, 0.25, 6), (28, 0.28859752329186378, 0, 1), (29, 0.29819180841605447, 0, 1), (30, 0.300767838396929, 0.5, 2), (31, 0.31321275434616153, 0.33333333333333331, 3), (32, 0.32443106760793894, 0, 5), (33, 0.33621288799870258, 0.083333333333333329, 6), (35, 0.35631950004916174, 0.33333333333333331, 6), (36, 0.36632444456153962, 0.25, 4), (37, 0.37753701046803911, 0.33333333333333331, 3), (38, 0.38455139874202615, 0.33333333333333331, 3), (39, 0.39658767678824397, 0, 2), (40, 0.40221551761288682, 0.5, 2), (41, 0.41428148354295069, 0.33333333333333331, 3), (42, 0.4267541406110148, 0, 5), (43, 0.43446873499351862, 0.33333333333333331, 3), (44, 0.44488989613555574, 0.20000000000000001, 5), (45, 0.45306353718028342, 0.33333333333333331, 3), (46, 0.46620834731099003, 0.40000000000000002, 5), (47, 0.47241209668404305, 0.33333333333333331, 3), (48, 0.48620334525978437, 0.5, 2), (49, 0.49636022188902773, 0.25, 6), (50, 0.50884253438727367, 0, 1), (51, 0.51789553134609889, 0.33333333333333331, 3), (52, 0.52488706235360261, 0, 2), (53, 0.53655146916189067, 0.33333333333333331, 6), (54, 0.54722095779182656, 0, 2), (55, 0.55432757972800972, 0.66666666666666663, 3), (56, 0.56624342030778929, 0.5, 2), (57, 0.57027619696776377, 0, 1), (58, 0.58319002483532123, 0.25, 4), (59, 0.59446060978544812, 0.75, 4), (60, 0.60305299967633597, 0.83333333333333337, 6), (61, 0.61543486496604216, 0.33333333333333331, 3), (62, 0.62764520716954619, 1.0, 2), (63, 0.63718586276204747, 0, 2), (64, 0.64747234136336895, 0, 2), (65, 0.65898898043568632, 1.0, 1), (66, 0.66488911233821357, 0.5, 8), (67, 0.67480861918313029, 0.33333333333333331, 3), (68, 0.68601641904333077, 0.66666666666666663, 3), (69, 0.69374127981591516, 0, 2), (70, 0.70576429474548819, 0.33333333333333331, 3), (71, 0.71321620962188248, 0, 1), (72, 0.72383800002225629, 0.66666666666666663, 3), (73, 0.73236146865201401, 1.0, 1), (74, 0.74806771557995322, 1.0, 1), (75, 0.75455742124757852, 0.5, 2), (76, 0.76330945322849808, 0.75, 4), (77, 0.77599110332690668, 0.5, 2), (78, 0.78241089744756831, 0, 1), (79, 0.793905854432711, 0, 4), (81, 0.81720802285253247, 0.5, 2), (82, 0.82780330674970815, 1.0, 2), (84, 0.84861040397860044, 1.0, 2), (85, 0.85236121707623358, 0.25, 4), (87, 0.87345142196550063, 1.0, 1), (88, 0.88401192044009091, 0.5, 2), (89, 0.89459020006154333, 0.66666666666666663, 3), (90, 0.90501776270951917, 0.83333333333333337, 6), (91, 0.91603143892812688, 0.5, 4), (92, 0.92430258549702682, 0.5, 2), (93, 0.93504572666480379, 0.75, 4), (94, 0.94421264729287413, 0.5, 8), (95, 0.95534625568726539, 0.2857142857142857, 7), (96, 0.96728406385673937, 0.59999999999999998, 5), (97, 0.9772990502361335, 0.73333333333333328, 15), (98, 0.98570776722951048, 0.92307692307692313, 13), (99, 0.9984333620969762, 0.95419847328244278, 131)]
19
[(0, 0.0083840284522139433, 0.0068778964983414285, 116), (1, 0.015566254818185608, 0.011052845313134519, 29), (2, 0.022632864185289644, 0.028409090909090905, 20), (3, 0.037869127528020206, 0, 3), (4, 0.041907531039994082, 0, 3), (5, 0.055461052901607494, 0, 2), (7, 0.076797025932355406, 0.33333333333333331, 6), (8, 0.085786111993498199, 0.20000000000000001, 5), (9, 0.093590733985607757, 0, 2), (10, 0.10633099346375469, 0.16666666666666666, 6), (11, 0.11483244638079337, 0.33333333333333331, 3), (12, 0.12572384643526693, 0, 6), (13, 0.13829398149794492, 0, 1), (14, 0.14527397060720301, 0, 2), (15, 0.15638641773782147, 0, 1), (16, 0.16675524490197027, 0, 3), (17, 0.17696886930225453, 0.29999999999999999, 4), (18, 0.18179224930250543, 0.5, 2), (19, 0.19430841944858304, 0, 4), (20, 0.20434790545335807, 0.050000000000000003, 5), (21, 0.21456218404743557, 0.20000000000000001, 5), (22, 0.22728373692676079, 0, 2), (23, 0.23283738573903165, 0.1111111111111111, 3), (24, 0.24659945500163816, 0, 3), (25, 0.25497866783441608, 0.16666666666666666, 6), (26, 0.26636343827473291, 0.13333333333333333, 5), (27, 0.27658350804892717, 0, 3), (29, 0.29571815077091151, 0.1111111111111111, 6), (30, 0.30427737582129882, 0, 8), (31, 0.31368614901715375, 0.20000000000000001, 5), (32, 0.32512590157952331, 0.071428571428571425, 7), (33, 0.33383581107494642, 0.16666666666666666, 6), (34, 0.34829222686302236, 0, 4), (35, 0.35799258254361488, 0.125, 4), (36, 0.36546352536642268, 0, 3), (37, 0.37389684648962873, 0.071428571428571425, 7), (38, 0.38560413951355788, 0.42857142857142855, 14), (39, 0.39489679651126741, 0.20000000000000001, 5), (40, 0.40432698415027402, 0.25, 4), (41, 0.4164349083662609, 0.20000000000000001, 5), (42, 0.42352319727020826, 0, 4), (43, 0.43453551422272324, 0.25, 8), (44, 0.44599906550371127, 0.59999999999999998, 5), (45, 0.45346331916966048, 0.29999999999999999, 5), (46, 0.46386054147087169, 0.58333333333333337, 6), (47, 0.47580042002990619, 0.5, 4), (48, 0.48378251293861879, 0.33333333333333331, 6), (49, 0.49431395563182667, 0.35714285714285715, 7), (50, 0.50435044945652918, 0.5, 2), (51, 0.51363581420826854, 0, 3), (52, 0.52563221457198284, 0.5, 2), (53, 0.53826529570965143, 1.0, 2), (54, 0.5442718496203357, 1.0, 1), (55, 0.55561039725775008, 0, 2), (56, 0.56390751306729781, 0.25, 4), (57, 0.57303580654688657, 0.5, 2), (58, 0.58403256286965743, 0.66666666666666663, 3), (59, 0.59497280476536074, 0.33333333333333331, 6), (60, 0.60758714570588479, 1.0, 1), (62, 0.62433731692007532, 0.66666666666666663, 3), (63, 0.63193205719258361, 0.5, 6), (64, 0.6436589560403444, 0.5, 6), (65, 0.65376052393243156, 0.40000000000000002, 5), (66, 0.66476576225803274, 0.75, 4), (67, 0.67545781812706684, 0.16666666666666666, 6), (68, 0.68714420709301938, 0, 2), (69, 0.69265840536745904, 0.33333333333333331, 3), (70, 0.70748643245945741, 0.33333333333333331, 3), (71, 0.71258247945410214, 0.33333333333333331, 3), (72, 0.72476802701255638, 0.66666666666666663, 3), (73, 0.73477567568346847, 0.42857142857142855, 7), (74, 0.74927221731489757, 0.5, 2), (75, 0.75588563296189193, 0.66666666666666663, 3), (76, 0.76132087778405111, 0.66666666666666663, 3), (77, 0.77455716717698986, 0.66666666666666663, 3), (78, 0.78012360180214313, 1.0, 1), (79, 0.79640644855315379, 0.7142857142857143, 7), (80, 0.80316036612538166, 0.59999999999999998, 5), (81, 0.81424010987260276, 0.66666666666666663, 3), (82, 0.82612628290019707, 0.33333333333333331, 3), (83, 0.83415316948314777, 0, 4), (84, 0.84401884181968434, 0.83333333333333337, 6), (85, 0.85578318929200514, 0.5, 2), (86, 0.86195876741684463, 0.33333333333333331, 3), (87, 0.87588628197042906, 0.40000000000000002, 5), (88, 0.88184405051313464, 1.0, 3), (89, 0.89344531719678588, 0.33333333333333331, 3), (90, 0.90223781965563055, 0.5, 2), (91, 0.91705953401234153, 0, 2), (92, 0.92536137133963481, 0.5, 4), (93, 0.93345946436126959, 0.83333333333333337, 6), (94, 0.94341267506904669, 1.0, 3), (95, 0.95331874617593282, 1.0, 2), (96, 0.96439647480423862, 0.375, 8), (97, 0.974922438355874, 0.58333333333333337, 12), (98, 0.98560237845133647, 0.83999999999999997, 25), (99, 0.99863025007198625, 0.9285714285714286, 112)]
20
[(0, 0.004354986549290501, 0.0037544952544416093, 224), (1, 0.01457054045486242, 0.053921568627450955, 21), (2, 0.022368583442049703, 0, 1), (3, 0.032427581264130263, 0, 39), (4, 0.042357130018983474, 0, 1), (5, 0.058601427670279968, 0, 1), (6, 0.065242550133935553, 0.16666666666666666, 6), (7, 0.073756186192861992, 0, 4), (8, 0.085039532358933065, 0, 3), (9, 0.095633940468964784, 0, 3), (10, 0.10729440705613369, 0.16666666666666666, 6), (11, 0.11341952575643666, 0, 4), (12, 0.12780377872612941, 0, 1), (13, 0.13695050750339333, 0, 2), (15, 0.15472125791249516, 0.20000000000000001, 5), (16, 0.16798790065014371, 0.16666666666666666, 3), (17, 0.17542028220661901, 0, 6), (18, 0.18833345076603658, 0, 3), (19, 0.19404640956480432, 0, 4), (20, 0.20286847101943276, 1.0, 1), (21, 0.21546698146993021, 0.14285714285714285, 7), (22, 0.22014169016469667, 0, 1), (23, 0.23540079500920411, 0, 7), (24, 0.24478665966689911, 0, 5), (25, 0.25622738943545476, 0.1111111111111111, 3), (27, 0.27536656316885305, 0.10000000000000001, 5), (28, 0.28306966454335059, 0.33333333333333331, 3), (29, 0.29429839364713334, 0, 5), (30, 0.30603909712488314, 0.66666666666666663, 3), (31, 0.31604633196155407, 0.5, 2), (32, 0.32731791272227406, 0.33333333333333331, 3), (33, 0.33458661372285525, 0, 1), (34, 0.34498671984110107, 0, 4), (35, 0.35695818323513084, 0.20000000000000001, 5), (36, 0.36436622075404451, 0.25, 6), (37, 0.37213061659048757, 0, 2), (38, 0.38418615730804712, 0.20000000000000001, 5), (39, 0.39569297361378869, 0.16666666666666666, 6), (40, 0.40462816304563698, 0.66666666666666663, 3), (41, 0.4156100155456523, 0.045454545454545456, 11), (42, 0.42707186601291441, 0, 1), (43, 0.43444830851038041, 0.25, 2), (44, 0.44724283927563802, 0.33333333333333331, 3), (45, 0.45149197830674587, 0, 1), (46, 0.46444364846627062, 0.55000000000000004, 10), (47, 0.47452629894767134, 0.69999999999999996, 5), (48, 0.48267559538290339, 0.80000000000000004, 10), (49, 0.49509120012963259, 0.16666666666666666, 9), (50, 0.50397128726923723, 0.33333333333333331, 3), (51, 0.51491999440504266, 0.33333333333333331, 3), (52, 0.52717142739320566, 0, 3), (53, 0.53404975346092964, 0, 4), (54, 0.54488031177810925, 0.5, 6), (55, 0.55222236479844167, 0, 3), (56, 0.56756845106108178, 0.40000000000000002, 5), (58, 0.58186743262872898, 0, 1), (59, 0.59563433076528582, 0, 5), (60, 0.60412803698341444, 0, 6), (61, 0.61563177606229424, 0.5, 2), (62, 0.62513236340629486, 0.5, 2), (63, 0.63454520884818755, 0, 2), (64, 0.64231180571019575, 1.0, 1), (65, 0.65566230477635745, 0.20000000000000001, 5), (66, 0.66744836598491553, 0.16666666666666666, 6), (67, 0.67547576673276277, 0.16666666666666666, 6), (68, 0.68605455529950055, 0.33333333333333331, 6), (69, 0.69616527044562493, 0.40000000000000002, 5), (70, 0.70684674814830384, 0.5, 2), (71, 0.71665100078756838, 0.33333333333333331, 6), (72, 0.7236253303019885, 0.5, 4), (73, 0.73535688631515739, 0.14285714285714285, 7), (74, 0.7449929228388853, 0.5, 6), (75, 0.75314350678459097, 1.0, 1), (76, 0.76437896158970986, 0.66666666666666663, 3), (78, 0.78402393071773502, 1.0, 2), (79, 0.79450464629659878, 0.40000000000000002, 5), (80, 0.80587416057395611, 0.33333333333333331, 3), (81, 0.81628301053972496, 0.5, 2), (82, 0.82680900996660278, 1.0, 4), (83, 0.83394214362254615, 0, 2), (84, 0.84644846275972374, 0.5, 4), (85, 0.85431176642528694, 0, 3), (86, 0.867267784910835, 0.5, 6), (87, 0.87551256178297499, 1.0, 1), (88, 0.8854976641167065, 0.83333333333333337, 6), (89, 0.89630220867425447, 0.75, 4), (90, 0.90607249277226576, 0.66666666666666663, 6), (91, 0.91767042393383735, 0.5, 8), (92, 0.923925855045578, 1.0, 1), (93, 0.93571993514112939, 0.59999999999999998, 5), (94, 0.94520682518245369, 0.5, 6), (95, 0.95549548678412266, 0.75, 4), (96, 0.96634709924250539, 0.59999999999999998, 10), (97, 0.97680456732202825, 0.80000000000000004, 5), (98, 0.98481867775150922, 0.86363636363636365, 22), (99, 0.9974481837545478, 0.87804878048780488, 82)]
21
[(0, 0.0046279230735116932, 0.0041547515532450955, 205), (1, 0.014276591784614946, 0.0068649885583524023, 19), (2, 0.027434882148887039, 0, 1), (3, 0.032232501672516761, 0, 38), (4, 0.047952470774395385, 0, 3), (5, 0.055276988514028146, 0.1111111111111111, 3), (6, 0.061594440194188471, 0.125, 4), (7, 0.077770656438886948, 0.5, 2), (8, 0.085662866257494905, 0, 3), (9, 0.095788435652059592, 0, 2), (10, 0.10494649850102078, 0.16666666666666666, 6), (11, 0.11837211799533572, 0, 1), (12, 0.12295584574147793, 0, 3), (13, 0.1363234835572158, 0.050000000000000003, 5), (14, 0.14238816451003403, 0.25, 4), (15, 0.15340808606640396, 0.083333333333333329, 8), (16, 0.16424047104054751, 0, 3), (17, 0.17645905725002917, 0.44444444444444442, 3), (18, 0.18652249977365437, 0.040000000000000001, 5), (19, 0.19578945375672549, 0.2857142857142857, 7), (20, 0.20377694690672618, 0.33333333333333331, 1), (21, 0.21418194716835717, 0.20000000000000001, 5), (22, 0.22480799690137382, 0.050000000000000003, 5), (23, 0.23538904985623729, 0, 3), (24, 0.24745419775529839, 0.24074074074074073, 9), (25, 0.25291707486009973, 0.050000000000000003, 10), (26, 0.26374944919139959, 0.25, 6), (27, 0.27424814896919419, 0, 5), (28, 0.28427937353461152, 0.25, 4), (29, 0.29435048555925081, 0.20000000000000001, 5), (30, 0.30459739642151312, 0, 7), (31, 0.31408401688714438, 0.125, 4), (32, 0.32449103632256615, 0.25, 8), (33, 0.33290694303534563, 0.27083333333333331, 8), (34, 0.34233972403618801, 0.5, 2), (35, 0.35510370435245342, 0, 5), (36, 0.36403477340347434, 0.3888888888888889, 9), (37, 0.37548502328957795, 0.29999999999999999, 10), (38, 0.38462728648045308, 0.80000000000000004, 5), (39, 0.39378693598441333, 0.6875, 8), (40, 0.40356342793074707, 0.20000000000000001, 5), (41, 0.41432277528192868, 0, 6), (42, 0.427009544671896, 0, 3), (43, 0.43307693452328888, 0.20000000000000001, 5), (44, 0.44583762917581576, 0.16666666666666666, 6), (45, 0.45363089403686008, 0.20000000000000001, 5), (46, 0.46561713591512371, 0, 1), (47, 0.47573508617258808, 0.40000000000000002, 5), (48, 0.48473108559532407, 0.65000000000000002, 10), (49, 0.49579562965671542, 0.6071428571428571, 14), (50, 0.50421183474243036, 0.33333333333333331, 6), (51, 0.51498343689152815, 0.66666666666666663, 3), (52, 0.529226509248651, 0, 2), (53, 0.5337903894173921, 0, 2), (54, 0.5439038233866389, 1.0, 1), (55, 0.55165096028414784, 1.0, 1), (56, 0.56997394043928173, 0, 1), (57, 0.57381633862516612, 0.5, 4), (58, 0.58292302756762415, 0, 3), (59, 0.59509754995809216, 0, 4), (60, 0.60475165149217014, 0.33333333333333331, 3), (61, 0.61654246612773778, 0.40000000000000002, 5), (62, 0.62211187916067912, 0.33333333333333331, 3), (63, 0.63384733025663698, 0.25, 4), (64, 0.64577596118557945, 0.42857142857142855, 7), (66, 0.66378533185974298, 0, 9), (67, 0.67425620455108892, 0.5, 10), (68, 0.68217946188266654, 0.5, 2), (69, 0.69447158583755142, 0.5, 2), (70, 0.70769783440639022, 0.5, 4), (71, 0.71471217705582257, 0.2857142857142857, 7), (72, 0.72680150966189105, 0, 1), (73, 0.73577999333576793, 0.66666666666666663, 3), (74, 0.74732642242783787, 0, 3), (75, 0.75477660568817517, 0.33333333333333331, 3), (76, 0.76276210603897243, 1.0, 1), (77, 0.77498648359525013, 0.16666666666666666, 6), (78, 0.78435595727120599, 0.42857142857142855, 7), (79, 0.79914397633909251, 0, 1), (80, 0.804394265571865, 0.2857142857142857, 7), (81, 0.81606688715140296, 0.5714285714285714, 7), (82, 0.82259107235822648, 0.33333333333333331, 3), (83, 0.834065157384975, 0.16666666666666666, 6), (84, 0.84629340631900307, 0.66666666666666663, 3), (85, 0.85432342137976147, 0.5, 4), (86, 0.868524792945361, 0.20000000000000001, 5), (87, 0.8768650993202004, 1.0, 3), (88, 0.88279976275561933, 0.66666666666666663, 3), (89, 0.89588824036450121, 0.29999999999999999, 10), (90, 0.90594471494576023, 0.40000000000000002, 5), (91, 0.91392848177120867, 0.66666666666666663, 6), (92, 0.92469154495744077, 0.42857142857142855, 7), (93, 0.93586542652787141, 0.42857142857142855, 7), (94, 0.94707617101414288, 0.55555555555555558, 9), (95, 0.95516078089369161, 0.66666666666666663, 9), (96, 0.96360247000686083, 0.69999999999999996, 10), (97, 0.97472944907011727, 0.7142857142857143, 7), (98, 0.98500180039892549, 0.8571428571428571, 14), (99, 0.9985980301432793, 0.93203883495145634, 103)]
22
[(0, 0.0040950313034045392, 0.0034849459854923645, 240), (1, 0.013604123964807334, 0.0050947065787248433, 27), (2, 0.025906742262664768, 0, 33), (3, 0.034973115403587912, 0.074999999999999997, 6), (4, 0.044621114535023522, 0, 4), (5, 0.055096132035547668, 0.25, 8), (6, 0.063114402406351425, 0, 1), (7, 0.077411205889923729, 0, 2), (8, 0.08431741698897266, 0, 8), (9, 0.096453723886859119, 0.125, 8), (10, 0.10376269161710776, 0.14285714285714285, 7), (11, 0.11253142265615707, 0, 2), (12, 0.12491640738739662, 0, 5), (13, 0.13522135798583657, 0, 4), (14, 0.14599646279097811, 0, 6), (15, 0.15870323442071474, 0, 2), (16, 0.16431018138951742, 0, 4), (17, 0.17542535801835096, 0.2533333333333333, 10), (18, 0.18350828712510078, 0, 5), (19, 0.19538840189451676, 0.33333333333333331, 3), (20, 0.20205708903527039, 0, 1), (21, 0.21564820323162842, 0.3125, 4), (22, 0.2236380198177334, 0.5, 2), (23, 0.23365212177772654, 0, 5), (24, 0.24378555284451384, 0.0625, 8), (25, 0.25316952259925696, 0, 7), (26, 0.26358540303211658, 0.49999999999999989, 10), (27, 0.27470922647671847, 0.2857142857142857, 7), (28, 0.28535759201187622, 0.083333333333333329, 6), (29, 0.29674931024899837, 0.33333333333333331, 6), (30, 0.30725583691978314, 1.0, 2), (31, 0.31467062490583142, 0.16666666666666666, 9), (32, 0.32432604528242232, 0.19047619047619047, 7), (33, 0.33412260650152986, 0.66666666666666674, 5), (34, 0.343883056010304, 0.25, 8), (35, 0.35502706307758297, 0.25, 4), (36, 0.36942700487189578, 0.33333333333333331, 3), (37, 0.37452384885334605, 0.66666666666666663, 3), (38, 0.38618631066308956, 0, 9), (39, 0.39531430635222914, 0.22222222222222221, 9), (40, 0.40501814928198754, 0.66666666666666663, 6), (41, 0.41565190716871903, 0.25, 4), (42, 0.42567780610473949, 0.375, 4), (43, 0.43609638620972269, 0.16666666666666666, 6), (44, 0.44638556179967914, 0.2857142857142857, 7), (45, 0.45663372695341542, 0.75, 4), (46, 0.46453309101976514, 0.22222222222222221, 9), (47, 0.47354838183067027, 0.41666666666666669, 6), (48, 0.4863332460526838, 0.3125, 8), (49, 0.49355506422754114, 0.34615384615384615, 13), (50, 0.50467424769230174, 0.33333333333333331, 6), (51, 0.51459584364747668, 0, 4), (52, 0.52604276535119587, 0.80000000000000004, 5), (54, 0.54719971358711916, 0.5, 2), (56, 0.56592828187825572, 0.33333333333333331, 3), (57, 0.57423477566906245, 0.5, 4), (58, 0.58526609597219159, 0.40000000000000002, 5), (59, 0.59484634741224829, 0.5, 4), (60, 0.6067593265521446, 0, 1), (62, 0.6255193057603512, 0, 3), (63, 0.63351145071832959, 0.2857142857142857, 7), (64, 0.6458193109999264, 0.5, 6), (65, 0.65628871658855004, 0.40000000000000002, 5), (66, 0.66465219239876283, 0.66666666666666663, 3), (67, 0.67429814298349999, 0, 1), (68, 0.68392545868486054, 0.25, 4), (69, 0.69461096783899401, 0, 4), (70, 0.70592087924698532, 0.5, 4), (71, 0.71349322965318596, 0.5, 2), (72, 0.72417960179460639, 0.66666666666666663, 3), (73, 0.73708953534432253, 0.2857142857142857, 7), (74, 0.74523005124965058, 0.5, 2), (75, 0.75548248829526066, 0.40000000000000002, 5), (76, 0.76415871221403431, 0.40000000000000002, 5), (77, 0.77587525217373154, 0.20000000000000001, 5), (78, 0.78523880312915828, 0.5, 4), (79, 0.79297621550136799, 0.5, 2), (80, 0.80545466992640369, 0.40000000000000002, 5), (81, 0.81549405338551362, 0.16666666666666666, 6), (82, 0.82460180916356096, 0.5, 4), (83, 0.8360886522271207, 0.5, 2), (84, 0.84435355789118693, 0.66666666666666663, 6), (85, 0.85271991061130981, 0.59999999999999998, 5), (86, 0.86672230174388931, 0.25, 4), (87, 0.87679525382183898, 0.33333333333333331, 3), (88, 0.88533762669210958, 0.66666666666666663, 6), (89, 0.8966168299207391, 0.66666666666666663, 6), (90, 0.90329978762312557, 0.46153846153846156, 13), (91, 0.91642147230345916, 0.66666666666666663, 6), (92, 0.92276189287688393, 0.66666666666666663, 3), (93, 0.93313851785686064, 0.25, 4), (94, 0.94480265066429892, 0.66666666666666663, 3), (95, 0.95552261400583405, 0.42857142857142855, 14), (96, 0.96499083166688193, 0.6428571428571429, 14), (97, 0.9747329456196796, 0.80000000000000004, 20), (98, 0.98521058453410315, 0.69565217391304346, 23), (99, 0.99781447329521633, 0.93269230769230771, 104)]
23
[(0, 0.003689314105366858, 0.0029329366420680894, 288), (1, 0.01100879419613464, 0.0058406934283512105, 37), (2, 0.020689509277241756, 0.023255813953488372, 43), (3, 0.034679872661943674, 0.25, 2), (4, 0.047894234652863486, 0.20000000000000001, 5), (5, 0.055939248572633653, 0, 11), (6, 0.066906875221629206, 0, 5), (7, 0.075953506916663027, 0, 7), (8, 0.084420507838921882, 0, 9), (9, 0.092870447628973452, 0.40000000000000002, 5), (10, 0.10540733582249753, 0.23333333333333334, 5), (11, 0.11201240719756698, 0, 2), (12, 0.12604588398794656, 0, 2), (13, 0.13555807237430043, 0.16666666666666666, 6), (14, 0.14338312687538138, 0.07407407407407407, 9), (15, 0.15632022957981062, 0.29166666666666663, 8), (16, 0.16504974421046273, 0.071428571428571425, 7), (17, 0.17358881186946254, 0.25, 6), (18, 0.18466955422339729, 0.16666666666666666, 5), (19, 0.19576456398254735, 0.072222222222222229, 9), (20, 0.2044582318456582, 0, 4), (21, 0.21403828038434611, 0.32142857142857145, 7), (22, 0.22464045575117936, 0.2857142857142857, 7), (23, 0.23531110977174607, 0.5, 2), (24, 0.24384212958340462, 0.14880952380952378, 14), (25, 0.2552263803621293, 0.33333333333333331, 9), (26, 0.26686510475986075, 0.14814814814814814, 9), (27, 0.27573070495164215, 0.32142857142857145, 14), (28, 0.28534517829586636, 0.20370370370370369, 9), (29, 0.29601590540159378, 0.33333333333333331, 13), (30, 0.30447856766218784, 0.29166666666666663, 8), (31, 0.3141120814808821, 0.48717948717948723, 13), (32, 0.32606162482450785, 0.14814814814814814, 9), (33, 0.33584041885724469, 0.14999999999999999, 10), (34, 0.3434141618214242, 0.25, 6), (35, 0.3557832251458532, 0.16666666666666666, 6), (36, 0.36298148495442334, 0.10000000000000001, 5), (37, 0.37405803996985049, 0.1111111111111111, 9), (38, 0.38580132619847934, 0.16666666666666666, 12), (39, 0.39522251681301446, 0.375, 4), (40, 0.40432715730408914, 0.2857142857142857, 7), (41, 0.41312557636115049, 0.42857142857142855, 7), (42, 0.42548500541478623, 0.29999999999999999, 5), (43, 0.43401235112594622, 0.27272727272727271, 11), (44, 0.4437446059985577, 0.16666666666666666, 6), (45, 0.45466359443466303, 0.25, 4), (46, 0.46512168883277466, 0.375, 8), (47, 0.47526153731713716, 0.14999999999999999, 10), (48, 0.48568826822548938, 0, 2), (49, 0.49510658996659712, 0.26923076923076922, 13), (50, 0.50553128825744142, 0.33333333333333331, 3), (51, 0.51457271064603294, 0.25, 4), (52, 0.52451585879275586, 0, 2), (53, 0.53546532565722382, 0, 1), (54, 0.54449427225094438, 0.33333333333333331, 6), (55, 0.55487625500409665, 0, 4), (56, 0.5612612967596623, 0, 3), (57, 0.57760294626658426, 0.16666666666666666, 6), (58, 0.58445727809193504, 0.20000000000000001, 5), (59, 0.59358115020642155, 0.5, 6), (60, 0.60376489267230693, 0.5, 2), (61, 0.6164076055306601, 0, 6), (62, 0.62616106578781661, 0.375, 8), (63, 0.63593173917497181, 0.375, 8), (64, 0.6414822306527449, 0.25, 4), (65, 0.65476164915541513, 0.33333333333333331, 6), (66, 0.66184301054853489, 0, 2), (67, 0.67484908768681318, 0.20000000000000001, 5), (68, 0.68469430847826973, 0.25, 4), (69, 0.69407280725054665, 0.33333333333333331, 3), (70, 0.70599392050965537, 1.0, 1), (71, 0.71302933936336843, 0.20000000000000001, 5), (72, 0.72014885162010889, 0, 1), (73, 0.73560358806041393, 0, 1), (74, 0.7455098294337783, 0, 4), (75, 0.75430695616746701, 0.5, 4), (76, 0.76387008304864379, 0, 1), (77, 0.77579277316628037, 0.40000000000000002, 5), (78, 0.78395871116079219, 0.20000000000000001, 5), (79, 0.79959847180032617, 0, 1), (80, 0.80420588847382868, 0.75, 4), (81, 0.81801536889443638, 0.5, 2), (82, 0.82740015876200423, 0.33333333333333331, 3), (83, 0.83758445142223514, 0, 2), (84, 0.84653680958864397, 0.33333333333333331, 3), (85, 0.8571691962742326, 0.5, 6), (86, 0.86745533154410082, 0.40000000000000002, 5), (87, 0.87226041065625382, 0.66666666666666663, 3), (88, 0.88666919847462111, 0.5, 4), (89, 0.89431300804776837, 0.59999999999999998, 5), (90, 0.90220287119281717, 0.40000000000000002, 5), (91, 0.91637941179106419, 1.0, 2), (92, 0.92531800863407698, 0.69999999999999996, 10), (93, 0.93549962129565767, 0.2857142857142857, 7), (94, 0.94658418958929391, 0.20000000000000001, 5), (95, 0.95426768968563547, 0.59999999999999998, 5), (96, 0.96708662018943237, 0.33333333333333331, 9), (97, 0.97676413361300485, 0.77777777777777779, 9), (98, 0.9853315393053772, 0.94117647058823528, 17), (99, 0.99803964558816893, 0.94736842105263153, 76)]
24
[(0, 0.0036509708494752427, 0.002829998745982814, 359), (1, 0.017498779247882446, 0.022903726708074536, 46), (2, 0.025389866692073732, 0, 4), (3, 0.033762245749749183, 0.14285714285714285, 7), (4, 0.045985145138520207, 0.16666666666666666, 18), (5, 0.056115703409949216, 0, 9), (6, 0.066512479963299606, 0.027777777777777776, 12), (7, 0.073831183408507361, 0, 16), (8, 0.084804608460930728, 0, 6), (9, 0.09425821886205242, 0.16666666666666666, 6), (10, 0.10371707086042571, 0, 6), (11, 0.11727041486536974, 0, 2), (12, 0.1257950103045006, 0, 6), (13, 0.13626436076371637, 0, 8), (14, 0.14429803870896499, 0, 9), (15, 0.15499016595986551, 0.25, 4), (16, 0.1643110846141177, 0.07407407407407407, 9), (17, 0.17376595017174151, 0.16249999999999998, 16), (18, 0.18633709758963149, 0.020833333333333332, 12), (19, 0.19554984716275034, 0.018181818181818184, 11), (20, 0.20649196510285783, 0.083333333333333329, 9), (21, 0.21338131104400268, 0.10000000000000001, 5), (22, 0.2235426869272612, 0.14285714285714285, 7), (23, 0.23356504771627548, 0.0625, 4), (24, 0.24477941093766875, 0.16666666666666666, 12), (25, 0.2551693398011024, 0.037037037037037035, 9), (26, 0.26604257185074964, 0.23611111111111113, 12), (27, 0.27443038075129755, 0.14285714285714285, 7), (28, 0.28444284108097279, 0.090909090909090912, 11), (29, 0.29366161325068257, 0.055555555555555552, 6), (30, 0.30486212318636979, 0, 6), (31, 0.31684303576853706, 0, 3), (32, 0.32451957020100586, 0.083333333333333329, 10), (33, 0.3341437806618256, 0.3888888888888889, 9), (34, 0.34591182512983198, 0.1875, 8), (35, 0.35354751451668759, 0.22222222222222221, 9), (36, 0.36509035482414193, 0.33333333333333331, 6), (37, 0.3751347905668686, 0.45000000000000001, 10), (38, 0.38513065233658234, 0.625, 8), (39, 0.39549958679601194, 0.59999999999999998, 5), (40, 0.40339483410109839, 0.14285714285714285, 7), (41, 0.41512940443995033, 0.26923076923076922, 13), (42, 0.42708251574405987, 0.083333333333333329, 6), (43, 0.43495330327072301, 0, 2), (44, 0.445461125873093, 0.1875, 8), (45, 0.45401731292814401, 0, 3), (46, 0.463519127724489, 0.40000000000000002, 5), (47, 0.47318655569745161, 0.25, 4), (48, 0.4877598109451709, 0.29999999999999999, 5), (49, 0.49699543333495244, 0.375, 8), (50, 0.50732936459963218, 0, 4), (51, 0.51579830092042545, 0.33333333333333331, 3), (52, 0.52573366212216777, 0, 4), (53, 0.53328765623234153, 0.14285714285714285, 7), (54, 0.54672170196613101, 0, 4), (55, 0.55100968281768048, 0, 1), (56, 0.56694426329113523, 0.25, 8), (57, 0.57464060407033934, 0, 5), (58, 0.58444522776718622, 0.1111111111111111, 9), (59, 0.59466300677913375, 0.33333333333333331, 6), (60, 0.6044161288232982, 0.33333333333333331, 6), (61, 0.61602088001933031, 0, 2), (62, 0.62597213781583827, 0.5, 4), (63, 0.63445695008287117, 0.20000000000000001, 5), (64, 0.64582888584385612, 0, 4), (65, 0.65694559987728729, 0.25, 4), (66, 0.66126375135436533, 0.5, 2), (67, 0.67623058524321378, 0, 2), (68, 0.6830579495199246, 0.25, 4), (69, 0.6960600685489633, 0.25, 4), (70, 0.70785649583148169, 0.66666666666666663, 3), (71, 0.71229461363359403, 0.33333333333333331, 3), (72, 0.72761783583488515, 1.0, 1), (73, 0.73862818265924324, 0.66666666666666663, 3), (74, 0.7447805606040544, 0.66666666666666663, 3), (75, 0.75327890317806134, 0, 1), (76, 0.76772590053916456, 0.5, 2), (77, 0.77389776133618582, 0.5, 2), (78, 0.78342501431856137, 0.66666666666666663, 3), (79, 0.79372243855925839, 0, 4), (80, 0.80450773602862979, 0, 3), (81, 0.81755801533425232, 1.0, 1), (82, 0.82877373471142246, 1.0, 2), (84, 0.84513443146324396, 0.5, 6), (85, 0.85520558760751864, 0.25, 4), (86, 0.86669109265458188, 0.80000000000000004, 5), (87, 0.87793275710593266, 0.66666666666666663, 3), (88, 0.88537303390308342, 0.5714285714285714, 7), (89, 0.89446985504361221, 0.20000000000000001, 5), (90, 0.90523030309329078, 0.5714285714285714, 7), (91, 0.91549708722118839, 0.66666666666666663, 3), (92, 0.92612876883692408, 0.66666666666666663, 6), (93, 0.93704732869112028, 0.375, 8), (94, 0.94629528557814124, 0.75, 4), (95, 0.95484118292992215, 0.40000000000000002, 15), (96, 0.96469731404613979, 0.59999999999999998, 10), (97, 0.97566230908891605, 0.7857142857142857, 14), (98, 0.98493733478848067, 0.76923076923076927, 26), (99, 0.99850494274369594, 0.94936708860759489, 79)]
25
[(0, 0.0035757079048771138, 0.0027597176613871283, 385), (1, 0.016179799695481663, 0.0038238315356959422, 50), (2, 0.023669169039414059, 0.3125, 4), (3, 0.037131528898412577, 0.10000000000000001, 10), (4, 0.045107602590342868, 0.14285714285714285, 7), (5, 0.054720406354682713, 0.033333333333333333, 5), (6, 0.064323185146633849, 0, 12), (7, 0.075213943796283933, 0.022727272727272728, 11), (8, 0.083793608905243663, 0.030303030303030304, 12), (9, 0.09429562743728484, 0.125, 8), (10, 0.1063498643639607, 0, 2), (11, 0.11377202056080939, 0.027777777777777776, 6), (12, 0.12467202496603701, 0.33333333333333331, 6), (13, 0.13434908477860666, 0.26666666666666666, 5), (14, 0.14478981073947467, 0.125, 12), (15, 0.15054483734878044, 0, 1), (16, 0.1660820635694735, 0.035714285714285712, 14), (17, 0.17658536274384398, 0, 9), (18, 0.18472953070013787, 0, 2), (19, 0.19578968335896027, 0.17333333333333334, 15), (20, 0.20712968001970317, 0.18181818181818182, 11), (21, 0.2158637456418426, 0.1875, 8), (22, 0.22423869711396077, 0.022727272727272728, 11), (23, 0.23466790006742078, 0.16666666666666666, 6), (24, 0.24529334556680668, 0.1875, 12), (25, 0.25675066091751586, 0.14583333333333331, 8), (26, 0.26634340408041679, 0.14999999999999999, 10), (27, 0.27492689300535483, 0.36363636363636365, 11), (28, 0.28477974963161473, 0.27272727272727271, 11), (29, 0.29524628418242194, 0.1111111111111111, 9), (30, 0.30302173751587402, 0, 4), (31, 0.31258574868206029, 0.21428571428571427, 7), (32, 0.32460011394336441, 0.14285714285714285, 14), (33, 0.33458935470061085, 0.25, 6), (34, 0.34468020491962825, 0.58333333333333337, 6), (35, 0.35510593993076572, 0.15384615384615385, 13), (36, 0.3646071185397658, 0.21875, 16), (37, 0.37431085483618037, 0.27272727272727271, 11), (38, 0.38456940801030115, 0.2857142857142857, 7), (39, 0.39428299996539778, 0.33333333333333331, 3), (40, 0.40421023784860477, 0, 4), (41, 0.41462071453261223, 0.14285714285714285, 7), (42, 0.42483598788494614, 0.25, 8), (43, 0.43481005016316882, 0.16666666666666666, 6), (44, 0.44327927027703651, 0.045454545454545456, 11), (45, 0.45488184877760052, 0.40000000000000002, 5), (46, 0.46154029762440391, 0.16666666666666666, 3), (47, 0.47591603604536287, 0.125, 8), (48, 0.48599096067926784, 0.33333333333333331, 18), (49, 0.49462421341725232, 0.27272727272727271, 11), (50, 0.50645224821391666, 0.375, 8), (51, 0.51367196555148631, 0.25, 8), (52, 0.5260098694243952, 0.66666666666666663, 3), (53, 0.5341929242975777, 0.25, 4), (54, 0.54292470860188846, 0.16666666666666666, 6), (55, 0.55465427910384757, 0.33333333333333331, 6), (56, 0.56504977498980735, 0.5, 2), (57, 0.57320854966073875, 0.16666666666666666, 6), (58, 0.58532611272321833, 0.16666666666666666, 6), (59, 0.59355778135998349, 0.5, 4), (60, 0.60459242050029249, 0.14285714285714285, 7), (61, 0.61511726610475626, 0.66666666666666663, 3), (62, 0.62655619436908205, 0, 4), (63, 0.63328337749587971, 0.59999999999999998, 5), (64, 0.6448201308264242, 0, 2), (65, 0.65455864090914506, 0.5, 2), (66, 0.66407103202789763, 0, 1), (67, 0.67889070758417958, 0.66666666666666663, 3), (68, 0.68443528112751884, 0.33333333333333331, 3), (69, 0.69446490610486877, 0.5714285714285714, 7), (70, 0.70545490477245154, 0.80000000000000004, 5), (71, 0.7149084903486298, 0, 2), (72, 0.72828123142594581, 0.66666666666666663, 3), (73, 0.73558279321584064, 0, 3), (74, 0.74826804858826845, 0.5, 2), (75, 0.75160933277322783, 0, 1), (76, 0.76413074204193054, 0.20000000000000001, 5), (77, 0.77656631006298227, 0.5, 2), (78, 0.78574821652684301, 1.0, 1), (79, 0.79209231844029759, 0.33333333333333331, 3), (80, 0.80404950359400373, 0.5, 2), (81, 0.81408186040188935, 0.5, 4), (82, 0.82372478961093953, 0.66666666666666663, 6), (83, 0.83658322994148482, 0.40000000000000002, 5), (84, 0.84914753991456327, 0, 1), (85, 0.85676742152234497, 0.33333333333333331, 3), (86, 0.86604703440784991, 0.33333333333333331, 9), (87, 0.87482793714602936, 0.42857142857142855, 7), (88, 0.8835777707873278, 0, 2), (89, 0.89594200990737816, 0.42857142857142855, 7), (90, 0.90556092910003083, 0, 2), (91, 0.91282464948320174, 0.59999999999999998, 5), (92, 0.92549384734544227, 0.5, 12), (93, 0.93661641683531305, 0.59999999999999998, 5), (94, 0.94581033092851108, 0.22222222222222221, 9), (95, 0.95564530225731203, 0.63636363636363635, 11), (96, 0.96495215792014322, 0.72222222222222221, 18), (97, 0.97448687347259633, 0.81818181818181823, 11), (98, 0.98483113251673571, 0.76666666666666672, 30), (99, 0.99803680393719796, 0.956989247311828, 93)]
26
[(0, 0.0032183125286215789, 0.0027904631526948936, 377), (1, 0.015234227187230838, 0.025240384615384616, 64), (2, 0.024106544786964158, 0.17499999999999999, 10), (3, 0.033349426358508447, 0, 1), (5, 0.055954113104772933, 0.047619047619047616, 7), (6, 0.064309645526702486, 0, 10), (7, 0.074911364703627345, 0, 5), (8, 0.087664532479539092, 0.035294117647058823, 17), (9, 0.093363057889490481, 0.055555555555555552, 9), (10, 0.10568277106153703, 0.1111111111111111, 13), (11, 0.11638493000153829, 0.083333333333333329, 4), (12, 0.12571972609547793, 0, 5), (13, 0.13465985672731259, 0.013333333333333334, 15), (14, 0.14482019344534308, 0, 10), (15, 0.15127847569713102, 0.027777777777777776, 9), (16, 0.16413862667521997, 0.055555555555555552, 9), (17, 0.17433407964782835, 0.10000000000000001, 10), (18, 0.18350832384455654, 0.16666666666666666, 9), (19, 0.19517459507508089, 0.085714285714285715, 14), (20, 0.20446316380029428, 0, 10), (21, 0.21433174201041832, 0.29999999999999999, 10), (22, 0.22639732604998888, 0, 4), (23, 0.2349561087326652, 0, 8), (24, 0.24586798327257925, 0.095238095238095233, 21), (25, 0.25504490965803917, 0.10256410256410256, 13), (26, 0.26323471226037165, 0.35416666666666669, 8), (27, 0.27551419471203092, 0, 9), (28, 0.28504760770934001, 0, 5), (29, 0.29481931457534, 0.037037037037037035, 9), (30, 0.30324621679700303, 0.22222222222222221, 6), (31, 0.31469762749975883, 0.24999999999999997, 8), (32, 0.32538342801120212, 0.055555555555555552, 12), (33, 0.33459487378257541, 0.16666666666666666, 6), (34, 0.34505704051551456, 0, 5), (35, 0.35451667537956705, 0, 3), (36, 0.36394000795788289, 0, 8), (37, 0.37557187554069194, 0.29999999999999999, 10), (38, 0.38401170041138316, 0.40000000000000002, 10), (39, 0.39507394899599763, 0.29999999999999999, 10), (40, 0.40304673408825009, 0, 5), (41, 0.41379463672744654, 0.21428571428571427, 14), (42, 0.42420490778026221, 0.375, 8), (43, 0.43407382374270848, 0.20000000000000001, 15), (44, 0.44605762749745931, 0.16666666666666666, 3), (45, 0.45571625372709212, 0.22727272727272727, 11), (46, 0.46622930370110888, 0.041666666666666664, 12), (47, 0.47513524809107965, 0.0625, 8), (48, 0.48655378126933152, 0.16666666666666666, 6), (49, 0.49449112539842321, 0.59999999999999998, 5), (50, 0.50432232914438657, 0.29999999999999999, 10), (51, 0.51397967212241524, 0, 5), (52, 0.52586510612592086, 0.2857142857142857, 7), (53, 0.5340631055829399, 0.33333333333333331, 6), (54, 0.54151107962597145, 0, 5), (55, 0.55535462862662077, 0.5714285714285714, 7), (56, 0.56402954841436193, 0.375, 8), (57, 0.57388763946511279, 0.20000000000000001, 5), (58, 0.58365120090011502, 0.125, 8), (59, 0.5944284299913225, 0.2857142857142857, 7), (60, 0.60886302764933553, 0, 1), (61, 0.61822176326233647, 0.25, 4), (62, 0.62664219318218994, 0.40000000000000002, 5), (63, 0.63586788821635343, 0.5, 6), (64, 0.64409781870944927, 0.375, 8), (65, 0.65424323663544248, 0.66666666666666663, 6), (66, 0.66248210113804773, 0.66666666666666663, 3), (67, 0.67260550913267836, 0, 4), (68, 0.68491654284885062, 0.40000000000000002, 5), (69, 0.69387444793399522, 0, 3), (70, 0.70492303606456197, 0.5714285714285714, 7), (71, 0.71707068700608678, 1.0, 2), (72, 0.72465909844894494, 0, 6), (73, 0.73871096311548046, 0, 1), (74, 0.74430086794535988, 0.20000000000000001, 10), (75, 0.75791900324669403, 0.5, 2), (76, 0.76388091599414809, 0, 4), (77, 0.77571247313591196, 0.25, 4), (78, 0.7853638762109495, 0.7142857142857143, 7), (79, 0.79510962571107502, 0.66666666666666663, 3), (80, 0.80499706881392796, 0.33333333333333331, 6), (81, 0.81576131120949014, 0.66666666666666663, 9), (82, 0.82334448774414126, 0.5, 2), (83, 0.83394231108044858, 0.33333333333333331, 3), (84, 0.84436423737430066, 0.20000000000000001, 5), (85, 0.8550457675771409, 0.25, 4), (86, 0.86486781569549986, 0.5, 6), (87, 0.87534498114512804, 0.875, 8), (88, 0.88622284653609618, 0.4375, 16), (89, 0.89490218576761471, 0.42857142857142855, 7), (90, 0.90504496648050148, 0.66666666666666663, 12), (91, 0.915734802414778, 0.81818181818181823, 11), (92, 0.92511962905782907, 0.66666666666666663, 6), (93, 0.93531246846755933, 0.66666666666666663, 9), (94, 0.94627085718842974, 0.5714285714285714, 14), (95, 0.95353886479161609, 0.80000000000000004, 10), (96, 0.96665137424381409, 0.8666666666666667, 15), (97, 0.97533076011505226, 0.9375, 16), (98, 0.98500480243636446, 0.82758620689655171, 29), (99, 0.99751036289111905, 0.989247311827957, 93)]
27
[(0, 0.0031642913987662237, 0.0023756847219473451, 446), (1, 0.015122188531486327, 0.006379585326953748, 57), (2, 0.022514394984118908, 0.13888888888888887, 6), (3, 0.035950869092618493, 0.32407407407407407, 9), (4, 0.045082316108255596, 0, 8), (5, 0.055089728562728965, 0.047619047619047616, 14), (6, 0.064329868462223799, 0, 4), (7, 0.075962668958801244, 0, 7), (8, 0.086218124551623809, 0.071428571428571425, 14), (9, 0.093927389754251966, 0, 6), (10, 0.10625793997614173, 0.1111111111111111, 9), (11, 0.11474297906087005, 0.16666666666666666, 6), (12, 0.12372236096828637, 0.19047619047619047, 7), (13, 0.13492640404468115, 0.096491228070175433, 19), (14, 0.14404625567385043, 0.14285714285714285, 14), (15, 0.15742098802273419, 0.08039215686274509, 17), (16, 0.16566444057343352, 0.10769230769230768, 13), (17, 0.17492616120874085, 0.13461538461538461, 13), (18, 0.18579696776730942, 0.050000000000000003, 10), (19, 0.19589253871353673, 0.06805555555555555, 24), (20, 0.20434927092918762, 0.21180555555555555, 24), (21, 0.21644212891631551, 0.035714285714285712, 14), (22, 0.22488219669589279, 0.34523809523809529, 14), (23, 0.23440482281836225, 0.25, 10), (24, 0.24466142047069872, 0.11594202898550723, 23), (25, 0.25510802972150393, 0.23809523809523811, 14), (26, 0.26484396135814753, 0.072916666666666657, 16), (27, 0.27519396937039853, 0, 5), (28, 0.28269410447869658, 0.050000000000000003, 10), (29, 0.29466611575938145, 0.22222222222222221, 6), (30, 0.30321395810798923, 0.22222222222222224, 15), (31, 0.3149432850627874, 0.14285714285714285, 14), (32, 0.32393761729703263, 0.21794871794871792, 13), (33, 0.33495351678472601, 0.17647058823529413, 17), (34, 0.34398812720567584, 0.375, 8), (35, 0.35445340852675722, 0.5, 11), (36, 0.36312549528512428, 0.42857142857142855, 7), (37, 0.37600715109123101, 0.25, 8), (38, 0.38512389506119621, 0.3888888888888889, 9), (39, 0.39512501829146079, 0.18181818181818182, 11), (40, 0.40518060618457741, 0.13636363636363635, 11), (41, 0.41435699975515206, 0.125, 4), (42, 0.42624974481432432, 0.083333333333333329, 6), (43, 0.43491200763744131, 0.090909090909090912, 11), (44, 0.44702950361955646, 0.3125, 8), (45, 0.45443863395099315, 0.375, 8), (46, 0.46619447112184631, 0.0625, 8), (47, 0.47497702760247001, 0.055555555555555552, 9), (48, 0.48259283532928104, 0.25, 12), (49, 0.49446626911007857, 0.3888888888888889, 9), (50, 0.5021900610926936, 0.16666666666666666, 6), (51, 0.51629007767751423, 0.33333333333333331, 3), (52, 0.52514405389615249, 0, 5), (53, 0.53404333776517243, 0.45454545454545453, 11), (54, 0.54811184090840892, 0, 4), (55, 0.55615781047705604, 0, 6), (56, 0.56621500026898264, 0.5, 6), (57, 0.57238013466140181, 0.40000000000000002, 5), (58, 0.58674267186387086, 0.1111111111111111, 9), (59, 0.59283377859237441, 0.42857142857142855, 7), (60, 0.60497811141710855, 0.14285714285714285, 7), (61, 0.61508916102595823, 0.33333333333333331, 6), (62, 0.62716771004383132, 0.25, 4), (63, 0.63363820072619403, 0.20000000000000001, 5), (64, 0.64744888955887792, 0.75, 4), (65, 0.65464111661232782, 0.5, 4), (66, 0.6645912204322838, 0.42857142857142855, 7), (67, 0.67436470989036557, 0.40000000000000002, 10), (68, 0.68846431481800296, 0, 2), (69, 0.69401283549947057, 0.5, 2), (70, 0.70509622196391986, 0, 4), (71, 0.71468812152902605, 0.16666666666666666, 6), (72, 0.72738607344296746, 0, 2), (73, 0.73505299837361293, 0.5, 2), (74, 0.74415436130719703, 0.375, 8), (75, 0.75720449803362166, 0, 4), (76, 0.76324131790795069, 0.20000000000000001, 5), (77, 0.77322147849244216, 0.5, 4), (78, 0.78283716720652696, 0.25, 4), (79, 0.79364103190086477, 0.16666666666666666, 6), (80, 0.80343117309862977, 0.33333333333333331, 9), (81, 0.81612297029729897, 0.33333333333333331, 3), (82, 0.82250340837788583, 0, 6), (83, 0.83429188682026068, 0.33333333333333331, 6), (84, 0.84641223774246532, 0.5, 4), (85, 0.85281774322517967, 0.75, 4), (86, 0.8665052846710205, 0.59999999999999998, 5), (87, 0.87540928633953896, 0.42857142857142855, 7), (88, 0.88564767714267123, 0.33333333333333331, 3), (89, 0.8929895353602737, 0.625, 8), (90, 0.9054430054891931, 0.625, 8), (91, 0.915746468887497, 0.45454545454545453, 11), (92, 0.92507027685365861, 0.77777777777777779, 9), (93, 0.93702689556286567, 0.54545454545454541, 11), (94, 0.94214698536241104, 0.40000000000000002, 5), (95, 0.95496655721156642, 0.83333333333333337, 12), (96, 0.96558616077955883, 0.80000000000000004, 10), (97, 0.97553436443518649, 0.61538461538461542, 13), (98, 0.98457168239275716, 0.88888888888888884, 18), (99, 0.99763250526877278, 0.9642857142857143, 56)]
28
[(0, 0.0033609941042790008, 0.0025409475810276969, 473), (1, 0.010932668129025387, 0.014295353769037981, 63), (2, 0.029561841024252411, 0, 1), (3, 0.035680246333413629, 0.22222222222222221, 9), (4, 0.0440593407916752, 0.048951048951048952, 22), (5, 0.055830899222569258, 0.16666666666666666, 9), (6, 0.065509780973677836, 0.067873303167420809, 17), (7, 0.074485310010193179, 0.01282051282051282, 13), (8, 0.084418647862270407, 0, 4), (9, 0.095992176897477063, 0, 5), (10, 0.10510412650606568, 0.013157894736842105, 19), (11, 0.11400347320309692, 0.025000000000000001, 10), (12, 0.12413649956997005, 0.078125, 16), (13, 0.13515390129631469, 0.028174603174603175, 24), (14, 0.14469740713839155, 0.22251082251082252, 22), (15, 0.15525878035943264, 0, 15), (16, 0.165250217214779, 0.18690476190476191, 14), (17, 0.17358128747571216, 0.10714285714285714, 7), (18, 0.183455892180441, 0.10000000000000001, 5), (19, 0.19576208010729257, 0.15000000000000002, 27), (20, 0.20646669494825406, 0.171875, 16), (21, 0.21503203997293555, 0.041666666666666664, 6), (22, 0.22502399688971114, 0.22727272727272727, 11), (23, 0.23650446978895839, 0.17948717948717946, 13), (24, 0.2451246636778926, 0.14880952380952378, 28), (25, 0.25558403849835243, 0.27333333333333332, 25), (26, 0.26539886818838343, 0.20000000000000001, 20), (27, 0.27611485035753275, 0.41666666666666663, 8), (28, 0.28682653975311972, 0, 8), (29, 0.29505557807209876, 0.2857142857142857, 14), (30, 0.30528485971821168, 0.02564102564102564, 13), (31, 0.31665973938171854, 0.096491228070175433, 19), (32, 0.32580593161424154, 0.11666666666666667, 20), (33, 0.33423836975101268, 0.26984126984126983, 21), (34, 0.34556038733068745, 0.40000000000000002, 10), (35, 0.3548171117049902, 0.625, 8), (36, 0.36535301647555662, 0.20000000000000001, 5), (37, 0.37605450923176453, 0.23076923076923078, 13), (38, 0.38539920520621951, 0.125, 8), (39, 0.39849818530145958, 0, 2), (40, 0.40498923742660742, 0.25, 8), (41, 0.41384790792238307, 0.35714285714285715, 7), (42, 0.42511218121984573, 0.31818181818181818, 11), (43, 0.43435641709696099, 0.16666666666666666, 6), (44, 0.44609433055925013, 0.29166666666666669, 12), (45, 0.45582336218440217, 0, 7), (46, 0.46419842984207593, 0.071428571428571425, 14), (47, 0.4753740014741053, 0.36363636363636365, 11), (48, 0.48311607412441826, 0.33333333333333331, 12), (49, 0.49532803625762956, 0.20000000000000001, 10), (50, 0.50620327710442115, 0.25, 4), (51, 0.513578249699987, 0.16666666666666666, 6), (52, 0.52498764623265348, 0.75, 4), (53, 0.53578712252157856, 0.22222222222222221, 9), (54, 0.54433847241925681, 0, 3), (55, 0.55167155108733801, 0, 7), (56, 0.56537342661523748, 0.25, 8), (57, 0.57490148479359771, 0.22222222222222221, 9), (59, 0.59528463398392872, 0.625, 8), (60, 0.60438883304378144, 0.25, 4), (61, 0.61226212555631465, 0.33333333333333331, 6), (62, 0.62645455702211872, 0.5, 2), (63, 0.63627773027883971, 0.40000000000000002, 5), (64, 0.64276711769193862, 0.5, 4), (65, 0.65278134753192751, 0.59999999999999998, 5), (66, 0.66612280181153405, 0.25, 4), (67, 0.67541063721050121, 0.5, 6), (68, 0.68604710820401604, 0.5714285714285714, 7), (69, 0.69616013776497621, 0, 5), (70, 0.70827339364788389, 0, 1), (71, 0.71400387887601091, 0.5714285714285714, 7), (72, 0.72593333380210168, 0.40000000000000002, 5), (73, 0.7358471960451386, 0.33333333333333331, 6), (74, 0.74535139062154365, 0.40000000000000002, 5), (75, 0.75510759960781326, 0.20000000000000001, 5), (76, 0.76481479547757336, 0.33333333333333331, 6), (77, 0.77491244289284611, 0.66666666666666663, 3), (78, 0.78888673248599539, 0, 1), (79, 0.79577037155620345, 0.375, 8), (80, 0.80206811605492756, 0.5, 2), (81, 0.81743082095422714, 0.20000000000000001, 5), (82, 0.82551759193885865, 0.5, 2), (83, 0.83817311119492888, 0.25, 4), (84, 0.84500190271765252, 0.5, 6), (85, 0.85450339754863436, 0.42857142857142855, 7), (86, 0.8660801861391394, 0.33333333333333331, 3), (87, 0.8756230236496203, 0.14285714285714285, 7), (88, 0.8870121225230081, 0.33333333333333331, 6), (89, 0.89205812780115235, 0.59999999999999998, 5), (90, 0.90513992588521197, 0.77777777777777779, 9), (91, 0.91453600009616409, 0.83333333333333337, 6), (92, 0.92402315581515948, 0.16666666666666666, 6), (93, 0.9372989953118589, 0.41666666666666669, 12), (94, 0.94503194235242904, 0.90909090909090906, 11), (95, 0.95567105238146199, 0.55555555555555558, 9), (96, 0.96475378515244148, 1.0, 4), (97, 0.97578575232823173, 0.875, 16), (98, 0.98664053643400118, 0.90476190476190477, 21), (99, 0.9973084112901871, 0.92207792207792205, 77)]
29
[(0, 0.0030011036190225218, 0.0023739877009612076, 495), (1, 0.011390064642013614, 0.0012820512820512821, 78), (2, 0.02492217220772398, 0.043290043290043288, 11), (3, 0.034718977673101399, 0.25, 8), (4, 0.044101742898521493, 0.09375, 16), (5, 0.054093326072622717, 0.14814814814814814, 9), (6, 0.063896811520158234, 0.011363636363636364, 11), (7, 0.076170132779401128, 0.09401709401709403, 13), (8, 0.086916249271176041, 0.025974025974025976, 7), (9, 0.09486953107840923, 0.043464052287581691, 17), (10, 0.10628447704860547, 0.054698773448773448, 44), (11, 0.11640095332337319, 0.074248120300751883, 38), (12, 0.12477122009904232, 0.13035714285714287, 14), (13, 0.13541971284432172, 0.064835164835164841, 26), (14, 0.14585224643001471, 0.21428571428571427, 14), (15, 0.15499640199282488, 0.015625, 16), (16, 0.16561139663689819, 0.20333333333333337, 25), (17, 0.1770271264259507, 0.2857142857142857, 14), (18, 0.18430049580477187, 0.23390804597701145, 29), (19, 0.19359185509198243, 0.14130434782608695, 23), (20, 0.20410204701107645, 0.10416666666666667, 12), (21, 0.21547543864459523, 0.057971014492753617, 23), (22, 0.22655246349124519, 0.29629629629629628, 18), (23, 0.23559185326683646, 0.23684210526315788, 19), (24, 0.24452409966443542, 0.15833333333333333, 10), (25, 0.25686485234781203, 0.11805555555555554, 24), (26, 0.26291927587535646, 0.21428571428571427, 7), (27, 0.27579688554789356, 0.10714285714285714, 14), (28, 0.28669576604560298, 0.23529411764705882, 17), (29, 0.29559467713316678, 0.22549019607843138, 17), (30, 0.30579137310702725, 0.22807017543859648, 19), (31, 0.31471124443225412, 0.2166666666666667, 20), (32, 0.32542102789683192, 0.20370370370370372, 18), (33, 0.33547872271362811, 0.15384615384615385, 13), (34, 0.34634328019569582, 0.16666666666666666, 3), (35, 0.35487258819193346, 0.10000000000000001, 5), (36, 0.36413059996712216, 0, 8), (37, 0.37593266454392815, 0, 8), (38, 0.38718164002558736, 0.5, 3), (39, 0.39455952452212156, 0.14285714285714285, 7), (40, 0.40509330333307381, 0.22222222222222221, 9), (41, 0.41473350413963017, 0.20000000000000001, 10), (42, 0.42344470785626281, 0.16666666666666666, 3), (43, 0.43455281765478171, 0.16666666666666666, 6), (44, 0.44442136385627373, 0.20000000000000001, 5), (45, 0.45590398484378841, 0.25, 8), (46, 0.46431341436730045, 0.19444444444444445, 18), (47, 0.47485892149577935, 0.25, 10), (48, 0.48399971882426934, 0.6428571428571429, 7), (49, 0.49197850030620316, 0.58333333333333337, 6), (50, 0.50405569941030393, 0.16666666666666666, 6), (51, 0.51373973580142629, 0.125, 8), (52, 0.52389476243905697, 0.20000000000000001, 5), (53, 0.534449305749777, 0.33333333333333331, 6), (54, 0.54817852281972634, 0, 1), (55, 0.55544322875696772, 0.20000000000000001, 5), (56, 0.56521132161336196, 0.42857142857142855, 7), (57, 0.57488986640982787, 0.5, 4), (58, 0.58630608717095656, 0.2857142857142857, 7), (59, 0.59550733704395054, 0.40000000000000002, 5), (61, 0.61900975457387786, 0, 1), (62, 0.62768335093956373, 0.59999999999999998, 5), (63, 0.63491375048116427, 0.16666666666666666, 6), (64, 0.64292241551963114, 0.75, 4), (65, 0.65650343375478137, 0.5, 4), (66, 0.66677141349874847, 0, 3), (67, 0.67711449953227743, 0.5, 4), (68, 0.68738992646083696, 0.5, 2), (69, 0.69332926781595583, 0.42857142857142855, 7), (70, 0.70422381196370687, 0.33333333333333331, 6), (71, 0.71558084243984688, 0.88888888888888884, 9), (72, 0.7237653562837788, 0.55555555555555558, 9), (73, 0.73801160729722282, 0.66666666666666663, 3), (74, 0.74380331426565627, 0.55555555555555558, 9), (75, 0.75372427965513478, 0.66666666666666663, 6), (76, 0.76571635090455537, 0.42857142857142855, 7), (77, 0.77425708708946539, 0.5, 6), (78, 0.78446217373604565, 0.5, 8), (79, 0.79795082128679518, 0, 2), (80, 0.8053983116769331, 0.20000000000000001, 5), (81, 0.81978153580750068, 1.0, 1), (82, 0.82701271180590141, 0.40000000000000002, 5), (83, 0.83396797987464422, 0.75, 4), (84, 0.84439479467267342, 0.33333333333333331, 6), (85, 0.8552774890678686, 0.55555555555555558, 9), (86, 0.86572843948276468, 1.0, 4), (87, 0.87714686467118241, 0.40000000000000002, 5), (88, 0.88506730526028843, 0.83333333333333337, 6), (89, 0.89701647344175817, 1.0, 6), (90, 0.9065739150925074, 0.75, 8), (91, 0.91378243475890342, 0.75, 8), (92, 0.92630066061954719, 0.625, 8), (93, 0.93576478826176468, 0.42857142857142855, 14), (94, 0.94394662978057398, 0.53846153846153844, 13), (95, 0.95603084300599794, 0.875, 16), (96, 0.96557799811789724, 0.66666666666666663, 12), (97, 0.97714420664953727, 0.875, 8), (98, 0.98614345897816369, 1.0, 19), (99, 0.99785075328820616, 0.96491228070175439, 57)]
30
[(0, 0.0034164028769222924, 0.0021515033776141877, 620), (1, 0.013303656800768487, 0.16666666666666666, 8), (2, 0.02735267197582146, 0.06363636363636363, 11), (3, 0.034908251734383028, 0.080645161290322578, 31), (4, 0.046032240868657544, 0, 12), (5, 0.054473664552411191, 0.11111111111111112, 20), (6, 0.064928000111835568, 0, 11), (7, 0.073825130654200086, 0.023013218665392573, 23), (8, 0.084550943722210753, 0.068627450980392163, 17), (9, 0.094625876040544191, 0.11522633744855969, 27), (10, 0.1046778922079394, 0.078703703703703706, 33), (11, 0.11568265356402252, 0.035714285714285705, 22), (12, 0.12602077983624463, 0.058333333333333334, 20), (13, 0.13481033966912459, 0.041666666666666664, 26), (14, 0.14523246604912923, 0.16363636363636366, 22), (15, 0.15479230828853446, 0.053846153846153842, 13), (16, 0.16441975055108879, 0.086206896551724116, 29), (17, 0.17417224170032636, 0.14499999999999999, 10), (18, 0.18568635753840437, 0.10648148148148147, 36), (19, 0.19504747904925779, 0.044444444444444446, 18), (20, 0.20490116525993957, 0.27450980392156865, 17), (21, 0.21486424053753181, 0.21428571428571427, 28), (22, 0.22476510128602908, 0.095238095238095233, 21), (23, 0.23490894822452699, 0.21296296296296294, 18), (24, 0.24264131714881473, 0.078125, 16), (25, 0.2548321967242706, 0.10714285714285714, 14), (26, 0.2650036408810571, 0.24166666666666664, 20), (27, 0.27456530242831939, 0.095238095238095233, 14), (28, 0.28596313410278962, 0.29411764705882354, 17), (29, 0.2949272208017546, 0.125, 20), (30, 0.30471527263139753, 0.11458333333333333, 16), (31, 0.31571176078538538, 0.15873015873015875, 21), (32, 0.32401297808134144, 0.083333333333333329, 12), (33, 0.33451470346402051, 0.21111111111111111, 15), (34, 0.34562685776581109, 0, 7), (35, 0.35600624374749473, 0, 6), (36, 0.36658796016887207, 0.14999999999999999, 10), (37, 0.37577569510979059, 0.16666666666666666, 6), (38, 0.38485560472991814, 0.40000000000000002, 10), (39, 0.39507786763942304, 0.5, 2), (40, 0.40530109471356635, 0.1111111111111111, 9), (41, 0.41313918085152562, 0, 8), (42, 0.42464838624536522, 0.1875, 8), (43, 0.43675717642958906, 0.25, 12), (44, 0.44540488146827001, 0.35714285714285715, 7), (45, 0.45474660340010176, 0.16666666666666666, 9), (46, 0.4659759239319749, 0.17857142857142858, 14), (47, 0.47295435754097265, 0.4375, 8), (48, 0.48443087838459908, 0.25, 16), (49, 0.49383866811646859, 0.40000000000000002, 5), (50, 0.50599405432375733, 0.25, 4), (51, 0.51442154362430148, 0, 7), (52, 0.52561177685912419, 0.42857142857142855, 7), (53, 0.5342158713058589, 0.16666666666666666, 6), (54, 0.54385941421797246, 0.75, 4), (55, 0.55562790394314421, 0.25, 4), (56, 0.565597196422432, 0, 2), (57, 0.5740255867251205, 0, 4), (58, 0.58302363570125759, 0.42857142857142855, 7), (60, 0.60748869821930829, 0.14285714285714285, 7), (61, 0.61650138063367632, 0, 2), (62, 0.62485689854920301, 0.40000000000000002, 5), (63, 0.63685398506884017, 0.33333333333333331, 3), (64, 0.64425474363862911, 0.14285714285714285, 7), (65, 0.65594464641097472, 0.80000000000000004, 5), (66, 0.66812885330682248, 1.0, 1), (67, 0.67601401210639811, 1.0, 2), (68, 0.68800377305485494, 0, 2), (69, 0.6979460676422955, 0.40000000000000002, 5), (70, 0.70434165655521597, 0.25, 4), (71, 0.71497955545120861, 0.45454545454545453, 11), (72, 0.7248107994897669, 0.80000000000000004, 5), (73, 0.73420320948789597, 1.0, 1), (74, 0.74423982071670158, 0.5, 4), (75, 0.75223221857489531, 0, 3), (76, 0.76705675057572553, 0.25, 4), (77, 0.77471761547875007, 0.16666666666666666, 6), (78, 0.78734968241446757, 0.25, 4), (79, 0.79672071832807667, 0.5, 6), (80, 0.80545135463711603, 0.22222222222222221, 9), (81, 0.81583217708880795, 0.75, 4), (82, 0.82568733754868084, 0.66666666666666663, 3), (83, 0.83498161889126299, 0.25, 4), (84, 0.84813611167556735, 0.75, 4), (85, 0.85463450474377667, 0.40000000000000002, 5), (86, 0.8644289818240537, 0.5714285714285714, 7), (87, 0.87663072856927704, 0.5, 6), (88, 0.88581520037630079, 0.66666666666666663, 3), (89, 0.89233079035605256, 0.33333333333333331, 6), (90, 0.90654859668877319, 0.375, 8), (91, 0.91496136091443936, 0.69999999999999996, 10), (92, 0.92403476549097829, 0.36363636363636365, 11), (93, 0.93655240299577414, 0.42857142857142855, 7), (94, 0.94581984402823249, 0.75, 12), (95, 0.95499806148512334, 0.36363636363636365, 11), (96, 0.96601537613858113, 0.92307692307692313, 13), (97, 0.97466871403846189, 0.9285714285714286, 14), (98, 0.98545098986544222, 0.82352941176470584, 17), (99, 0.99749929753975941, 0.96610169491525422, 59)]
total
[(0, 0.0041167116376550749, 0.0035518844825261089, 4845), (1, 0.014227322171722819, 0.015921251214376892, 664), (2, 0.024490301065299581, 0.030184585198630841, 313), (3, 0.034213475335806043, 0.062299284996135386, 254), (4, 0.045807397561907826, 0.061825959761471865, 149), (5, 0.055128541677386289, 0.10748321420836043, 108), (6, 0.065155803917361393, 0.048190378942591323, 113), (7, 0.075176111687471417, 0.065487092272806566, 140), (8, 0.085410154434782282, 0.051318058635131808, 123), (9, 0.094937943898867047, 0.083643250688705248, 132), (10, 0.10548159384417792, 0.09500047523999619, 167), (11, 0.11530008416413295, 0.085369674185463665, 114), (12, 0.12513816514748718, 0.084900990099009893, 101), (13, 0.13514921386720702, 0.055132962275819417, 154), (14, 0.14464966584922176, 0.14453579993148338, 139), (15, 0.15520177277269973, 0.080817610062893078, 106), (16, 0.16504299917111376, 0.11359649122807017, 152), (17, 0.17506600275570525, 0.15930555555555553, 120), (18, 0.18496816972213304, 0.1585185185185185, 135), (19, 0.19518736248642662, 0.10634469696969696, 176), (20, 0.2050316074028711, 0.15266666666666667, 125), (21, 0.21520041229032644, 0.16728395061728393, 135), (22, 0.22497482488268722, 0.18785310734463279, 118), (23, 0.23502302007041545, 0.17688679245283018, 106), (24, 0.24488998985522209, 0.12739463601532566, 174), (25, 0.25536776085599688, 0.15468409586056645, 153), (26, 0.26513594977556915, 0.21393034825870647, 134), (27, 0.2751740196594647, 0.2040229885057471, 116), (28, 0.28527479331352307, 0.16066066066066065, 111), (29, 0.29517155118654897, 0.16537467700258399, 129), (30, 0.30452331637558494, 0.16250000000000001, 120), (31, 0.31507431134687952, 0.20588235294117643, 136), (32, 0.32510608900230359, 0.15783664459161148, 151), (33, 0.33455570589913242, 0.23844282238442821, 137), (34, 0.34486109140340809, 0.26506024096385544, 83), (35, 0.35515851748517452, 0.22727272727272727, 99), (36, 0.36484343219360205, 0.23333333333333334, 105), (37, 0.37511121383768803, 0.23660714285714285, 112), (38, 0.38504665818379979, 0.33730158730158732, 126), (39, 0.3951962853225181, 0.28160919540229884, 87), (40, 0.40459504543682417, 0.2413793103448276, 87), (41, 0.41454018783397917, 0.18803418803418803, 117), (42, 0.42509557794347025, 0.22151898734177214, 79), (43, 0.43493570445667495, 0.24299065420560748, 107), (44, 0.44551043036585386, 0.25242718446601942, 103), (45, 0.45475987908182131, 0.25806451612903225, 93), (46, 0.46494159920585526, 0.26639344262295084, 122), (47, 0.47490991102175728, 0.29357798165137616, 109), (48, 0.48468468740236159, 0.37969924812030076, 133), (49, 0.4950018877033282, 0.34375, 144), (50, 0.50491314261889397, 0.32432432432432434, 74), (51, 0.51463051349808364, 0.19444444444444445, 72), (52, 0.52562246018861514, 0.32307692307692309, 65), (53, 0.53457363846974926, 0.31325301204819278, 83), (54, 0.54493751878088792, 0.27868852459016391, 61), (55, 0.55449558147281763, 0.2318840579710145, 69), (56, 0.56531225165777399, 0.36144578313253012, 83), (57, 0.57433771477417916, 0.352112676056338, 71), (58, 0.58462903263073418, 0.24675324675324675, 77), (59, 0.59476343465309756, 0.40963855421686746, 83), (60, 0.60490738162067181, 0.28813559322033899, 59), (61, 0.61534001488752077, 0.29629629629629628, 54), (62, 0.62570845512538131, 0.36363636363636365, 66), (63, 0.63492824416082461, 0.36585365853658536, 82), (64, 0.64442825872025833, 0.46913580246913578, 81), (65, 0.65522194811405632, 0.5, 62), (66, 0.66471470691399981, 0.34375, 64), (67, 0.67483322101466292, 0.39726027397260272, 73), (68, 0.68539511895987615, 0.37735849056603776, 53), (69, 0.69492464798001752, 0.29230769230769232, 65), (70, 0.7056646294909088, 0.45161290322580644, 62), (71, 0.71457049442956633, 0.43333333333333335, 90), (72, 0.72480756137044033, 0.43859649122807015, 57), (73, 0.73634530269970522, 0.40740740740740738, 54), (74, 0.74501737872713114, 0.38356164383561642, 73), (75, 0.75504930076934773, 0.41818181818181815, 55), (76, 0.76442616363736238, 0.38571428571428573, 70), (77, 0.77485730461620306, 0.38805970149253732, 67), (78, 0.78494256527839046, 0.43548387096774194, 62), (79, 0.79498880290523311, 0.31944444444444442, 72), (80, 0.80448162206144302, 0.40476190476190477, 84), (81, 0.81564981797527902, 0.48484848484848486, 66), (82, 0.82526364682249576, 0.59090909090909094, 66), (83, 0.8347664986218204, 0.328125, 64), (84, 0.84531760176582216, 0.48648648648648651, 74), (85, 0.85486691347219101, 0.41891891891891891, 74), (86, 0.86589002778700641, 0.51190476190476186, 84), (87, 0.87561411487829033, 0.56756756756756754, 74), (88, 0.88544215011969918, 0.58536585365853655, 82), (89, 0.89471861735428182, 0.56521739130434778, 92), (90, 0.90494953980019344, 0.58715596330275233, 109), (91, 0.91556708276295573, 0.63636363636363635, 99), (92, 0.92476390737107594, 0.55660377358490565, 106), (93, 0.93586343100040814, 0.50769230769230766, 130), (94, 0.94513832528834552, 0.55038759689922478, 129), (95, 0.95523428249142994, 0.64743589743589747, 156), (96, 0.96545491970078379, 0.69398907103825136, 183), (97, 0.97554082987789215, 0.78325123152709364, 203), (98, 0.98525681213583338, 0.79942693409742116, 349), (99, 0.99827597773409116, 0.9425837320574163, 1881), (100, 1.0, 1.0, 60)]
