prim p01
2 1.0 1 1.27
3 0.75 2 1.36
4 0.666666666667 3 1.56
5 0.475 7 1.86
6 0.8 3 2.4
7 0.630952380952 10 3.03
8 0.607142857143 20 4.19
9 0.479166666667 30 5.59
10 0.366666666667 48 8.18
11 0.554545454545 40 10.36
12 0.344696969697 75 15.46
13 0.400641025641 83 20.37
14 0.302197802198 109 30.34
15 0.266666666667 134 35.43
16 0.2375 159 56.99

2 1.0 1 1.28
3 0.75 2 1.39
4 0.666666666667 3 1.58
5 0.525 8 1.87
6 0.566666666667 7 2.41
7 0.511904761905 12 3.09
8 0.392857142857 28 4.11
9 0.75 11 5.36
10 0.338888888889 49 8.05
11 0.568181818182 37 10.04
12 0.32196969697 79 15.33
13 0.391025641026 80 20.58
14 0.332417582418 102 29.06
15 0.347619047619 118 39.88
16 0.28125 144 56.48
17 0.242647058824 181 74.42
18 0.31045751634 177 102.21
19 0.280701754386 211 152.28
20 0.180263157895 282 215.33

postProc prim p01
2 1.0 1 1.29
3 0.75 2 1.4
4 0.833333333333 2 1.59
5 0.5 9 2.03
6 0.783333333333 4 3.95
7 0.559523809524 11 3.8
8 0.428571428571 26 6.78
9 0.708333333333 14 8.09
10 0.477777777778 36 15.19
11 0.381818181818 59 20.45
12 0.284090909091 80 34.89
13 0.416666666667 78 60.27
14 0.337912087912 101 424.03
15 0.302380952381 126 129.38
16 0.216666666667 166 213.51

2 1.0 1 1.28
3 0.666666666667 3 1.38
4 0.833333333333 2 1.59
5 0.55 7 2.16
6 0.6 9 4.55
7 0.607142857143 9 5.22
8 0.598214285714 17 7.45
9 0.729166666667 13 9.2
10 0.483333333333 33 28.88
11 0.513636363636 45 111.71
12 0.462121212121 53 56.5
13 0.410256410256 76 886.62



kruskal p01
2 1.0 1 1.28
3 0.75 2 1.43
4 0.666666666667 3 1.58
5 0.525 8 2.02
6 0.516666666667 8 2.81
7 0.5 10 4.46
8 0.383928571429 21 7.33
9 0.5 20 12.38
10 0.433333333333 35 21.31
11 0.386363636364 51 34.84
12 0.325757575758 69 62.33
13 0.400641025641 74 85.1
14 0.35989010989 84 156.35
15 0.254761904762 130 232.63
16 0.272916666667 139 371.91

blackgaus prim p01
2 1.0 1 1.25
3 0.75 2 1.25
4 0.458333333333 8 1.28
5 0.4 11 1.41
6 0.233333333333 23 1.48
7 0.261904761905 31 1.7
8 0.241071428571 39 2.12
9 0.298611111111 40 2.69
10 0.161111111111 73 3.87
11 0.209090909091 82 4.94
12 0.185606060606 101 7.85
13 0.137820512821 131 11.32
14 0.118131868132 156 18.59
15 0.12380952381 178 24.03
16 0.127083333333 200 37.04
17 0.113970588235 233 48.82
18 0.143790849673 243 71.01
19 0.114035087719 287 106.48
20 0.1 328 185.35

blackgaus g1D p01
2 1.0 1 1.25
3 0.416666666667 6 1.28
4 0.791666666667 4 1.29
5 0.275 15 1.3
6 0.3 19 1.49
7 0.285714285714 26 1.47
8 0.241071428571 39 1.63
9 0.270833333333 44 1.86
10 0.194444444444 66 2.07
11 0.177272727273 83 2.55
12 0.166666666667 101 3.13
13 0.137820512821 127 4.1
14 0.148351648352 143 4.97
15 0.161904761905 159 6.69
16 0.127083333333 196 8.96
17 0.123161764706 223 11.87
18 0.135620915033 242 16.66
19 0.125730994152 281 23.62
20 0.114473684211 317 34.86

gaus prim p01
2 0.25 3 1.28
3 0.416666666667 4 1.34
4 0.0 16 1.44
5 0.025 24 1.69
6 0.15 27 1.95
7 0.154761904762 36 2.48
8 0.232142857143 42 3.14
9 0.298611111111 45 3.9
10 0.183333333333 70 5.5
11 0.254545454545 73 6.98
12 0.204545454545 93 9.45
13 0.195512820513 120 13.33
14 0.162087912088 141 18.48
15 0.216666666667 152 24.12
16 0.18125 182 30.88
17 0.161764705882 206 45.53
18 0.18954248366 215 58.88
19 0.149122807018 267 80.13
20 0.0907894736842 332 131.47

2 0.0 4 1.26
3 0.333333333333 5 1.31
4 0.208333333333 11 1.41
5 0.075 22 1.63
6 0.2 24 1.87
7 0.214285714286 32 2.32
8 0.196428571429 46 2.95
9 0.236111111111 50 4.13
10 0.116666666667 81 6.13
11 0.159090909091 86 8.74
12 0.147727272727 107 12.27
13 0.240384615385 102 19.5
14 0.129120879121 155 28.4
15 0.140476190476 174 42.85
16 0.13125 199 62.81
17 0.117647058824 231 92.05
18 0.16339869281 238 140.61
19 0.124269005848 283 237.13
20 0.0894736842105 337 334.43

gaus g1D p01
2 0.5 3 1.26
3 0.5 5 1.32
4 0.375 7 1.39
5 0.3 14 1.56
6 0.283333333333 20 1.87
7 0.345238095238 21 2.1
8 0.303571428571 31 2.48
9 0.361111111111 33 3.11
10 0.2 65 3.78
11 0.204545454545 77 4.75
12 0.212121212121 88 5.99
13 0.141025641026 126 7.55
14 0.208791208791 121 9.61
15 0.17380952381 155 12.17
16 0.133333333333 193 15.54
17 0.150735294118 208 19.81
18 0.15522875817 230 25.75
19 0.114035087719 284 33.64
20 0.103947368421 322 46.05


prim p01 pred
2 1.0 1 1.28
3 0.75 2 1.4
4 0.833333333333 2 1.55
5 0.55 7 1.95
6 0.583333333333 6 2.41
7 0.619047619048 11 3.07
8 0.330357142857 32 4.29
9 0.645833333333 17 5.87
10 0.355555555556 48 7.88
11 0.554545454545 41 10.71
12 0.359848484848 68 15.02
13 0.371794871795 85 21.07
14 0.302197802198 105 30.71
15 0.328571428571 120 42.67
16 0.25625 155 57.27
17 0.248161764706 181 73.12
18 0.307189542484 178 103.71
19 0.299707602339 209 163.02
20 0.194736842105 276 216.48

g1D p01 pred
2 0.25 3 1.32
3 0.333333333333 5 1.46
4 0.541666666667 5 1.61
5 0.35 11 1.86
6 0.3 19 2.38
7 0.333333333333 22 2.91
8 0.366071428571 25 3.73
9 0.333333333333 34 4.92
10 0.283333333333 54 6.23
11 0.231818181818 70 7.95
12 0.231060606061 84 10.23
13 0.189102564103 111 13.2
14 0.266483516484 100 16.33
15 0.2 142 20.48
16 0.197916666667 167 25.82
17 0.152573529412 207 32.04
18 0.161764705882 226 40.24
19 0.12865497076 276 50.57
20 0.123684210526 306 69.82

kruskal p01 pred
2 1.0 1 1.29
3 0.75 2 1.38
4 0.666666666667 3 1.55
5 0.525 8 2.02
6 0.516666666667 8 2.81
7 0.5 10 4.55
8 0.383928571429 21 7.43
9 0.5 20 12.37
10 0.433333333333 35 21.66
11 0.386363636364 51 35.53
12 0.325757575758 69 63.85
13 0.400641025641 74 86.66
14 0.35989010989 84 161.74
15 0.254761904762 130 244.17
16 0.272916666667 139 380.95
17 0.240808823529 165 551.88
18 0.313725490196 150 848.62
19 0.293859649123 184 1310.11
20 0.242105263158 233 1805.65

recShred p01 pred
2 1.0 1 1.32
3 0.583333333333 3 1.41
4 0.625 4 1.6
5 0.5 9 2.07
6 0.433333333333 13 2.72
7 0.52380952381 12 4.19
8 0.464285714286 23 6.56
9 0.506944444444 23 10.91
10 0.366666666667 42 18.06
11 0.363636363636 55 29.48
12 0.314393939394 74 49.41
13 0.285256410256 96 80.13
14 0.326923076923 94 129.6
15 0.261904761905 132 199.66
16 0.272916666667 141 304.2
17 0.259191176471 160 458.4
18 0.299019607843 159 669.96
19 0.24269005848 213 984.54
20 0.226315789474 242 1509.18

