((1, 113), -0.0, 0.0)
((1, 114), -0.0, 180.0)
((1, 115), -0.0, 180.0)
((2, 116), -0.25, 161.565051177078)
((2, 117), -0.20000000000000001, 165.96375653207352)
((2, 118), -0.16666666666666666, 168.6900675259798)
((2, 119), -0.14285714285714285, 170.53767779197437)
((2, 120), -0.125, 171.86989764584402)
((2, 121), -0.1111111111111111, 172.8749836510982)
((2, 122), -0.10000000000000001, 173.65980825409011)
((2, 123), -0.090909090909090912, 174.28940686250036)
((2, 124), -0.083333333333333329, 174.80557109226521)
((2, 125), -0.076923076923076927, 175.23635830927381)
((2, 126), -0.071428571428571425, 175.60129464500449)
((3, 127), -0.13333333333333333, 171.86989764584402)
((3, 128), -0.125, 172.40535663140858)
((3, 129), -0.11764705882352941, 172.8749836510982)
((3, 130), -0.1111111111111111, 173.29016319224309)
((3, 131), -0.10526315789473684, 173.65980825409011)
((3, 132), -0.10000000000000001, 173.99099404250546)
((3, 133), -0.095238095238095233, 174.28940686250036)
((3, 134), -0.090909090909090912, 174.55966796899449)
((3, 135), -0.086956521739130432, 174.80557109226521)
((3, 136), -0.083333333333333329, 175.03025927188969)
((3, 137), -0.080000000000000002, 175.23635830927381)
((3, 138), -0.076923076923076927, 175.42607874009914)
((4, 139), -0.1111111111111111, 173.41805534482199)
((4, 140), -0.10714285714285714, 173.65980825409011)
((4, 141), -0.10344827586206896, 173.88449643371459)
((4, 142), -0.10000000000000001, 174.0938588862295)
((4, 143), -0.096774193548387094, 174.28940686250036)
((4, 144), -0.09375, 174.47245984834385)
((4, 145), -0.090909090909090912, 174.64417495714483)
((4, 146), -0.088235294117647065, 174.80557109226521)
((4, 147), -0.085714285714285715, 174.95754893082909)
((4, 148), -0.083333333333333329, 175.10090754621226)
((4, 149), -0.081081081081081086, 175.23635830927381)
((5, 150), -0.10526315789473684, 173.82982490497039)
((5, 151), -0.10256410256410256, 173.99099404250546)
((5, 152), -0.10000000000000001, 174.14398641457106)
((5, 153), -0.097560975609756101, 174.28940686250036)
((5, 154), -0.095238095238095233, 174.4278021960362)
((5, 155), -0.093023255813953487, 174.55966796899449)
((5, 156), -0.090909090909090912, 174.68545433005525)
((5, 157), -0.088888888888888892, 174.80557109226521)
((5, 158), -0.086956521739130432, 174.92039213998544)
((5, 159), -0.085106382978723402, 175.03025927188969)
((5, 160), -0.083333333333333329, 175.1354855622395)
((5, 161), -0.081632653061224483, 175.23635830927381)
((6, 162), -0.10000000000000001, 174.17365797044425)
((6, 163), -0.098039215686274508, 174.28940686250036)
((6, 164), -0.096153846153846159, 174.40066066347944)
((6, 165), -0.094339622641509441, 174.50767544287257)
((6, 166), -0.092592592592592587, 174.6106882400266)
((6, 167), -0.090909090909090912, 174.70991879462875)
((6, 168), -0.089285714285714288, 174.80557109226521)
((6, 169), -0.08771929824561403, 174.89783474764181)
((6, 170), -0.086206896551724144, 174.98688624496418)
((6, 171), -0.084745762711864403, 175.072890052351)
((6, 172), -0.083333333333333329, 175.15599962491933)
((7, 173), -0.098360655737704916, 174.28940686250036)
((7, 174), -0.096774193548387094, 174.38241940987319)
((7, 175), -0.095238095238095233, 174.47245984834385)
((7, 176), -0.09375, 174.55966796899449)
((7, 177), -0.092307692307692313, 174.64417495714483)
((7, 178), -0.090909090909090912, 174.72610404264825)
((7, 179), -0.089552238805970144, 174.80557109226521)
((7, 180), -0.088235294117647065, 174.88268515002736)
((7, 181), -0.086956521739130432, 174.95754893082909)
((7, 182), -0.085714285714285715, 175.03025927188969)
((7, 183), -0.084507042253521125, 175.10090754621226)
((1068, 183), -15.028169014084508, 93.75348211960258)
((7, 184), -0.083333333333333329, 175.16958004171005)
((8, 185), -0.095890410958904104, 174.44702896696319)
((8, 186), -0.0945945945945946, 174.52263127117112)
((1037, 186), -14.0, 94.030588950754094)
((8, 187), -0.093333333333333338, 174.5962086397503)
((8, 188), -0.092105263157894732, 174.66784111834045)
((1013, 188), -13.315789473684211, 94.238480253651829)
((8, 189), -0.090909090909090912, 174.73760460040489)
((8, 190), -0.089743589743589744, 174.80557109226521)
((8, 191), -0.088607594936708861, 174.87180895814717)
((8, 192), -0.087499999999999994, 174.93638314696992)
((8, 193), -0.086419753086419748, 174.99935540244155)
((956, 193), -11.790123456790123, 94.788466550313586)
((8, 194), -0.085365853658536592, 175.06078445787381)
((8, 195), -0.084337349397590355, 175.12072621699329)
((925, 195), -11.132530120481928, 95.071404780060163)
((9, 196), -0.095238095238095233, 174.49452214202168)
((9, 197), -0.094117647058823528, 174.55966796899449)
((9, 198), -0.093023255813953487, 174.62329457194929)
((9, 199), -0.091954022988505746, 174.68545433005525)
((888, 199), -10.195402298850574, 95.537861855654242)
((9, 200), -0.090909090909090912, 174.74619724873773)
((869, 200), -9.8636363636363633, 95.723663920782215)
((9, 201), -0.0898876404494382, 174.80557109226521)
((9, 202), -0.088888888888888892, 174.86362150757228)
((9, 203), -0.087912087912087919, 174.92039213998544)
((841, 203), -9.2307692307692299, 96.115503566285412)
((9, 204), -0.086956521739130432, 174.97592474146046)
((9, 205), -0.086021505376344093, 175.03025927188969)
((814, 205), -8.741935483870968, 96.45619060114835)
((9, 206), -0.085106382978723402, 175.08343399398998)
((809, 206), -8.5957446808510642, 96.565795142894714)
((9, 207), -0.084210526315789472, 175.1354855622395)
((10, 208), -0.09375, 174.58813084768298)
((10, 209), -0.092783505154639179, 174.64417495714483)
((10, 210), -0.091836734693877556, 174.69907348347431)
((10, 211), -0.090909090909090912, 174.75286109838356)
((10, 212), -0.089999999999999997, 174.80557109226521)
((10, 213), -0.089108910891089105, 174.85723544211578)
((10, 214), -0.088235294117647065, 174.90788487550105)
((10, 215), -0.087378640776699032, 174.95754893082909)
((10, 216), -0.086538461538461536, 175.00625601417661)
((689, 216), -6.615384615384615, 98.514475673785142)
((10, 217), -0.085714285714285715, 175.05403345289585)
((10, 218), -0.084905660377358486, 175.10090754621226)
((11, 219), -0.093457943925233641, 174.6106882400266)
((11, 220), -0.092592592592592587, 174.66076319626242)
((11, 221), -0.091743119266055051, 174.70991879462875)
((630, 221), -5.7706422018348622, 99.742747534724501)
((634, 221), -5.807339449541284, 99.682351001648158)
((11, 222), -0.090909090909090912, 174.75818005302045)
((625, 222), -5.6727272727272728, 99.908426192367756)
((11, 223), -0.090090090090090086, 174.80557109226521)
((11, 224), -0.089285714285714288, 174.8521151758637)
((11, 225), -0.088495575221238937, 174.89783474764181)
((11, 226), -0.08771929824561403, 174.94275146744087)
((11, 227), -0.086956521739130432, 174.98688624496418)
((11, 228), -0.086206896551724144, 175.03025927188969)
((11, 229), -0.085470085470085472, 175.072890052351)
((11, 230), -0.084745762711864403, 175.11479743188269)
((531, 230), -4.4915254237288131, 102.44865779009118)
((533, 230), -4.5084745762711869, 102.40330938841737)
((535, 230), -4.5254237288135597, 102.35828505931764)
((12, 231), -0.092436974789915971, 174.67425937523228)
((12, 232), -0.09166666666666666, 174.71875937155488)
((505, 232), -4.2000000000000002, 103.2848664849022)
((12, 233), -0.090909090909090912, 174.76252393318748)
((12, 234), -0.090163934426229511, 174.80557109226521)
((12, 235), -0.08943089430894309, 174.8479182977938)
((12, 236), -0.088709677419354843, 174.88958243896877)
((12, 237), -0.087999999999999995, 174.93057986738751)
((453, 237), -3.6160000000000001, 105.3408907640049)
((12, 238), -0.087301587301587297, 174.97092641821456)
((12, 239), -0.086614173228346455, 175.0106374303578)
((12, 240), -0.0859375, 175.04972776570824)
((12, 241), -0.085271317829457363, 175.08821182749401)
((13, 242), -0.092307692307692313, 174.68545433005525)
((13, 243), -0.091603053435114504, 174.72610404264825)
((13, 244), -0.090909090909090912, 174.76613835278357)
((13, 245), -0.090225563909774431, 174.80557109226521)
((13, 246), -0.089552238805970144, 174.84441568259376)
((13, 247), -0.088888888888888892, 174.88268515002736)
((13, 248), -0.088235294117647065, 174.92039213998544)
((13, 249), -0.087591240875912413, 174.95754893082909)
((13, 250), -0.086956521739130432, 174.99416744704891)
((13, 251), -0.086330935251798566, 175.03025927188969)
((13, 252), -0.085714285714285715, 175.06583565943995)
((274, 252), -1.95, 116.98326111857509)
((13, 253), -0.085106382978723402, 175.10090754621226)
((14, 254), -0.09154929577464789, 174.73230287195577)
((14, 255), -0.090909090909090912, 174.7691928244468)
((247, 255), -1.7202797202797202, 119.99507961713979)
((14, 256), -0.090277777777777776, 174.80557109226521)
((231, 256), -1.5972222222222223, 121.8708336796513)
((14, 257), -0.089655172413793102, 174.84144821939395)
((14, 258), -0.089041095890410954, 174.87683446287187)
((14, 259), -0.088435374149659865, 174.91173980246242)
((14, 260), -0.087837837837837843, 174.94617394993566)
((14, 261), -0.087248322147651006, 174.98014635798046)
((14, 262), -0.08666666666666667, 175.01366622876452)
((14, 263), -0.086092715231788075, 175.04674252215793)
((15, 264), -0.092105263157894732, 174.7029518954032)
((15, 265), -0.091503267973856203, 174.73760460040489)
((15, 266), -0.090909090909090912, 174.77180811472766)
((15, 267), -0.090322580645161285, 174.80557109226521)
((15, 268), -0.089743589743589744, 174.83890196663975)
((15, 269), -0.089171974522292988, 174.87180895814717)
((15, 270), -0.088607594936708861, 174.9043000804414)
((15, 271), -0.088050314465408799, 174.93638314696992)
((15, 272), -0.087499999999999994, 174.96806577717078)
((15, 273), -0.086956521739130432, 174.99935540244155)
((15, 274), -0.086419753086419748, 175.03025927188969)
(1141, 377) 99 16 1110 180
(285, 1126) 9 54 180 1110
(1259, 1284) 88 541 180 1110
(1270, 1285) 87 546 180 1110
(338, 1136) 13 79 180 1110
